instance_name,dataset,seed,solver_name,alpha,beta,energy,raw_energy,time,mode,use_local_search,local_search_iterations,eigsh_iterations,warm_start,alpha_index,precision,lambda1,degree_scale,energy_bound,timestamp
ba_64_1_2.txt,barabasi_albert_10ins_m20,42,SpecAnn-NCV,0.0,1.0,-14687.0,-12785.0,0.0127909183502197,0,True,36,29,True,0,32,0.8000581860542297,65.0,-83986.10808104277,2025-11-19 22:15:26
ba_64_1_2.txt,barabasi_albert_10ins_m20,42,SpecAnn-NCV,0.0887356509416113,1.0,-14687.0,-12785.0,0.0063533782958984,0,True,12,15,True,1,32,0.7888097167015076,60.13826370239258,-76611.79950771782,2025-11-19 19:23:57
ba_64_1_2.txt,barabasi_albert_10ins_m20,42,SpecAnn-NCV,0.0887356509416113,1.0,-14687.0,-12785.0,0.0066819190979003,0,True,36,15,True,1,32,0.7888097167015076,60.13826370239258,-76611.79950771782,2025-11-19 22:15:26
ba_64_1_2.txt,barabasi_albert_10ins_m20,42,SpecAnn-NCV,0.1254911610276317,1.0,-14687.0,-12785.0,0.0063166618347167,0,True,12,15,True,2,32,0.7838965058326721,58.25138092041016,-73745.83215095157,2025-11-19 19:23:57
ba_64_1_2.txt,barabasi_albert_10ins_m20,42,SpecAnn-NCV,0.1254911610276317,1.0,-14687.0,-12785.0,0.0066006183624267,0,True,36,15,True,2,32,0.7838965058326721,58.25138092041016,-73745.83215095157,2025-11-19 22:15:26
ba_64_1_2.txt,barabasi_albert_10ins_m20,42,SpecAnn-NCV,0.1536946558735679,1.0,-14687.0,-12785.0,0.0063285827636718,0,True,12,15,True,3,32,0.7800198197364807,56.851051330566406,-71617.08909927699,2025-11-19 19:23:57
ba_64_1_2.txt,barabasi_albert_10ins_m20,42,SpecAnn-NCV,0.1536946558735679,1.0,-14687.0,-12785.0,0.0066084861755371,0,True,36,15,True,3,32,0.7800198197364807,56.851051330566406,-71617.08909927699,2025-11-19 22:15:26
ba_64_1_2.txt,barabasi_albert_10ins_m20,42,SpecAnn-NCV,0.1774713018832227,1.0,-14687.0,-12785.0,0.0063362121582031,0,True,12,15,True,4,32,0.7766770124435425,55.70153045654297,-69868.28869558606,2025-11-19 19:23:57
ba_64_1_2.txt,barabasi_albert_10ins_m20,42,SpecAnn-NCV,0.1774713018832227,1.0,-14687.0,-12785.0,0.0066723823547363,0,True,36,15,True,4,32,0.7766770124435425,55.70153045654297,-69868.28869558606,2025-11-19 22:15:26
ba_64_1_2.txt,barabasi_albert_10ins_m20,42,SpecAnn-NCV,0.1984189475331362,1.0,-14687.0,-12785.0,0.0063562393188476,0,True,12,15,True,5,32,0.7736740112304688,54.71164321899414,-68361.2969994529,2025-11-19 19:23:57
ba_64_1_2.txt,barabasi_albert_10ins_m20,42,SpecAnn-NCV,0.1984189475331362,1.0,-14687.0,-12785.0,0.006577730178833,0,True,36,15,True,5,32,0.7736740112304688,54.71164321899414,-68361.2969994529,2025-11-19 22:15:26
ba_64_1_2.txt,barabasi_albert_10ins_m20,42,SpecAnn-NCV,0.2173570668006655,1.0,-14687.0,-12785.0,0.0063450336456298,0,True,12,15,True,6,32,0.7709111571311951,53.83471298217773,-67025.37611945,2025-11-19 19:23:57
ba_64_1_2.txt,barabasi_albert_10ins_m20,42,SpecAnn-NCV,0.2173570668006655,1.0,-14687.0,-12785.0,0.0066168308258056,0,True,36,15,True,6,32,0.7709111571311951,53.83471298217773,-67025.37611945,2025-11-19 22:15:26
ba_64_1_2.txt,barabasi_albert_10ins_m20,42,SpecAnn-NCV,0.2347724648169381,1.0,-14803.0,-12985.000000000002,0.0063905715942382,0,True,12,15,True,7,32,0.768329381942749,53.043060302734375,-65818.58490808427,2025-11-19 19:23:57
ba_64_1_2.txt,barabasi_albert_10ins_m20,42,SpecAnn-NCV,0.2347724648169381,1.0,-14609.000000000002,-12985.000000000002,0.0066423416137695,0,True,36,15,True,7,32,0.768329381942749,53.043060302734375,-65818.58490808427,2025-11-19 22:15:26
ba_64_1_2.txt,barabasi_albert_10ins_m20,42,SpecAnn-NCV,0.2509823220552634,1.0,-14803.0,-12985.000000000002,0.0063247680664062,0,True,12,15,True,8,32,0.7658901810646057,52.318660736083984,-64713.61289891052,2025-11-19 19:23:57
ba_64_1_2.txt,barabasi_albert_10ins_m20,42,SpecAnn-NCV,0.2509823220552634,1.0,-14609.000000000002,-12985.000000000002,0.0066041946411132,0,True,36,15,True,8,32,0.7658901810646057,52.318660736083984,-64713.61289891052,2025-11-19 22:15:26
ba_64_1_2.txt,barabasi_albert_10ins_m20,42,SpecAnn-NCV,0.2662069528248341,1.0,-14803.0,-12985.000000000002,0.0063416957855224,0,True,12,15,True,9,32,0.7635669112205505,51.64904022216797,-63691.55944756404,2025-11-19 19:23:57
ba_64_1_2.txt,barabasi_albert_10ins_m20,42,SpecAnn-NCV,0.2662069528248341,1.0,-14609.000000000002,-12985.000000000002,0.0065691471099853,0,True,36,15,True,9,32,0.7635669112205505,51.64904022216797,-63691.55944756404,2025-11-19 22:15:26
ba_64_1_2.txt,barabasi_albert_10ins_m20,42,SpecAnn-NCV,0.2806067666331568,1.0,-14803.0,-12985.000000000002,0.0063261985778808,0,True,12,15,True,10,32,0.7613402605056763,51.02510833740234,-62738.66287739413,2025-11-19 19:23:57
ba_64_1_2.txt,barabasi_albert_10ins_m20,42,SpecAnn-NCV,0.2806067666331568,1.0,-14609.000000000002,-12985.000000000002,0.0065894126892089,0,True,36,15,True,10,32,0.7613402605056763,51.02510833740234,-62738.66287739413,2025-11-19 22:15:26
ba_64_1_2.txt,barabasi_albert_10ins_m20,42,SpecAnn-NCV,0.2943028597012718,1.0,-14609.000000000002,-12985.000000000002,0.0066053867340087,0,True,36,15,True,11,32,0.7591955661773682,50.44002151489258,-61844.55271757596,2025-11-19 22:15:26
ba_64_1_2.txt,barabasi_albert_10ins_m20,42,SpecAnn-NCV,0.3073893117471359,1.0,-14803.0,-12985.000000000002,0.0063047409057617,0,True,12,15,True,12,32,0.7571213841438293,49.88847351074219,-61001.18263940056,2025-11-19 19:23:57
ba_64_1_2.txt,barabasi_albert_10ins_m20,42,SpecAnn-NCV,0.3073893117471359,1.0,-14609.000000000002,-12985.000000000002,0.0065696239471435,0,True,36,15,True,12,32,0.7571213841438293,49.88847351074219,-61001.18263940056,2025-11-19 22:15:26
ba_64_1_2.txt,barabasi_albert_10ins_m20,42,SpecAnn-NCV,0.3199409394316542,1.0,-14803.0,-12985.000000000002,0.0063107013702392,0,True,12,15,True,13,32,0.7551087737083435,49.366249084472656,-60202.1738111422,2025-11-19 19:23:58
ba_64_1_2.txt,barabasi_albert_10ins_m20,42,SpecAnn-NCV,0.3199409394316542,1.0,-14609.000000000002,-12985.000000000002,0.0066030025482177,0,True,36,15,True,13,32,0.7551087737083435,49.366249084472656,-60202.1738111422,2025-11-19 22:15:26
ba_64_1_2.txt,barabasi_albert_10ins_m20,42,SpecAnn-NCV,0.3320184038158743,1.0,-14609.000000000002,-12985.000000000002,0.0065813064575195,0,True,36,15,True,14,32,0.7531504034996033,48.86992645263672,-59442.34379528084,2025-11-19 22:15:26
ba_64_1_2.txt,barabasi_albert_10ins_m20,42,SpecAnn-NCV,0.3436716983117353,1.0,-14609.000000000002,-13065.0,0.0063378810882568,0,True,12,15,True,15,32,0.7512401938438416,48.396705627441406,-58717.44408489431,2025-11-19 19:23:58
ba_64_1_2.txt,barabasi_albert_10ins_m20,42,SpecAnn-NCV,0.3436716983117353,1.0,-14609.000000000002,-13065.0,0.0066297054290771,0,True,36,15,True,15,32,0.7512401938438416,48.396705627441406,-58717.44408489431,2025-11-19 22:15:26
ba_64_1_2.txt,barabasi_albert_10ins_m20,42,SpecAnn-NCV,0.3549426037664455,1.0,-14609.000000000002,-13065.0,0.0065956115722656,0,True,36,15,True,16,32,0.749373197555542,47.94424057006836,-58023.92810948829,2025-11-19 22:15:26
ba_64_1_2.txt,barabasi_albert_10ins_m20,42,SpecAnn-NCV,0.3658664615902029,1.0,-14609.000000000002,-13065.0,0.0065894126892089,0,True,36,15,True,17,32,0.7475451827049255,47.51054763793945,-57358.793838279445,2025-11-19 22:15:26
ba_64_1_2.txt,barabasi_albert_10ins_m20,42,SpecAnn-NCV,0.3764734830828951,1.0,-14609.000000000002,-13065.0,0.006312608718872,0,True,12,15,True,18,32,0.7457524538040161,47.09394836425781,-56719.49049642331,2025-11-19 19:23:58
ba_64_1_2.txt,barabasi_albert_10ins_m20,42,SpecAnn-NCV,0.3764734830828951,1.0,-14609.000000000002,-13065.0,0.0065913200378417,0,True,36,15,True,18,32,0.7457524538040161,47.09394836425781,-56719.49049642331,2025-11-19 22:15:26
ba_64_1_2.txt,barabasi_albert_10ins_m20,42,SpecAnn-NCV,0.3867897351437838,1.0,-14609.000000000002,-13065.0,0.0062882900238037,0,True,12,15,True,19,32,0.7439919710159302,46.69297409057617,-56103.80448938329,2025-11-19 19:23:58
ba_64_1_2.txt,barabasi_albert_10ins_m20,42,SpecAnn-NCV,0.3867897351437838,1.0,-14609.000000000002,-13065.0,0.0066173076629638,0,True,36,15,True,19,32,0.7439919710159302,46.69297409057617,-56103.80448938329,2025-11-19 22:15:26
ba_64_1_2.txt,barabasi_albert_10ins_m20,42,SpecAnn-NCV,0.3968378950662725,1.0,-14609.000000000002,-13065.0,0.0063309669494628,0,True,12,15,True,20,32,0.7422609925270081,46.30636978149414,-55509.830370850206,2025-11-19 19:23:58
ba_64_1_2.txt,barabasi_albert_10ins_m20,42,SpecAnn-NCV,0.3968378950662725,1.0,-14609.000000000002,-13065.0,0.0065908432006835,0,True,36,15,True,20,32,0.7422609925270081,46.30636978149414,-55509.830370850206,2025-11-19 22:15:26
ba_64_1_2.txt,barabasi_albert_10ins_m20,42,SpecAnn-NCV,0.4066378372811136,1.0,-14803.0,-13433.000000000002,0.0066053867340087,0,True,36,15,True,21,32,0.7405569553375244,45.93302154541016,-54935.8700149718,2025-11-19 22:15:26
ba_64_1_2.txt,barabasi_albert_10ins_m20,42,SpecAnn-NCV,0.4162070956347247,1.0,-14609.000000000002,-13433.000000000002,0.0066621303558349,0,True,12,15,True,22,32,0.7388780117034912,45.57196044921875,-54380.47303473046,2025-11-19 19:23:58
ba_64_1_2.txt,barabasi_albert_10ins_m20,42,SpecAnn-NCV,0.4162070956347247,1.0,-14803.0,-13433.000000000002,0.0065984725952148,0,True,36,15,True,22,32,0.7388780117034912,45.57196044921875,-54380.47303473046,2025-11-19 22:15:26
ba_64_1_2.txt,barabasi_albert_10ins_m20,42,SpecAnn-NCV,0.4255612320274539,1.0,-14803.0,-13433.000000000002,0.0065779685974121,0,True,36,15,True,23,32,0.7372221946716309,45.22232055664063,-53842.32093039063,2025-11-19 22:15:26
ba_64_1_2.txt,barabasi_albert_10ins_m20,42,SpecAnn-NCV,0.434714133601331,1.0,-14609.000000000002,-13433.000000000002,0.0063278675079345,0,True,12,15,True,24,32,0.7355877757072449,44.883331298828125,-53320.2421858447,2025-11-19 19:23:58
ba_64_1_2.txt,barabasi_albert_10ins_m20,42,SpecAnn-NCV,0.434714133601331,1.0,-14803.0,-13433.000000000002,0.0065805912017822,0,True,36,15,True,24,32,0.7355877757072449,44.883331298828125,-53320.2421858447,2025-11-19 22:15:26
ba_64_1_2.txt,barabasi_albert_10ins_m20,42,SpecAnn-NCV,0.4436782547080569,1.0,-14803.0,-13433.000000000002,0.0065736770629882,0,True,36,15,True,25,32,0.7339735627174377,44.55430603027344,-52813.21761128015,2025-11-19 22:15:26
ba_64_1_2.txt,barabasi_albert_10ins_m20,42,SpecAnn-NCV,0.4524648157026343,1.0,-14609.000000000002,-13433.000000000002,0.0063307285308837,0,True,12,15,True,26,32,0.7323777675628662,44.234619140625,-52320.26935855538,2025-11-19 19:23:58
ba_64_1_2.txt,barabasi_albert_10ins_m20,42,SpecAnn-NCV,0.4524648157026343,1.0,-14803.0,-13433.000000000002,0.0065875053405761,0,True,36,15,True,26,32,0.7323777675628662,44.234619140625,-52320.26935855538,2025-11-19 22:15:26
ba_64_1_2.txt,barabasi_albert_10ins_m20,42,SpecAnn-NCV,0.4610839676207039,1.0,-14609.000000000002,-13433.000000000002,0.0063259601593017,0,True,12,15,True,27,32,0.7307994961738586,43.92371368408203,-51840.57594611533,2025-11-19 19:23:58
ba_64_1_2.txt,barabasi_albert_10ins_m20,42,SpecAnn-NCV,0.4610839676207039,1.0,-14803.0,-13433.000000000002,0.0065658092498779,0,True,36,15,True,27,32,0.7307994961738586,43.92371368408203,-51840.57594611533,2025-11-19 22:15:26
ba_64_1_2.txt,barabasi_albert_10ins_m20,42,SpecAnn-NCV,0.4695449296338763,1.0,-14609.000000000002,-13433.000000000002,0.0063130855560302,0,True,12,15,True,28,32,0.7292375564575195,43.6210823059082,-51373.36232533044,2025-11-19 19:23:58
ba_64_1_2.txt,barabasi_albert_10ins_m20,42,SpecAnn-NCV,0.4695449296338763,1.0,-14803.0,-13433.000000000002,0.0065982341766357,0,True,36,15,True,28,32,0.7292375564575195,43.6210823059082,-51373.36232533044,2025-11-19 22:15:26
ba_64_1_2.txt,barabasi_albert_10ins_m20,42,SpecAnn-NCV,0.4778561045889373,1.0,-14803.0,-13433.000000000002,0.0065951347351074,0,True,36,15,True,29,32,0.7276909351348877,43.326263427734375,-50917.92857665005,2025-11-19 22:15:26
ba_64_1_2.txt,barabasi_albert_10ins_m20,42,SpecAnn-NCV,0.4860251767562508,1.0,-14609.000000000002,-13433.000000000002,0.0063498020172119,0,True,12,15,True,30,32,0.7261586785316467,43.0388298034668,-50473.626937648754,2025-11-19 19:23:58
ba_64_1_2.txt,barabasi_albert_10ins_m20,42,SpecAnn-NCV,0.4860251767562508,1.0,-14803.0,-13433.000000000002,0.0065906047821044,0,True,36,15,True,30,32,0.7261586785316467,43.0388298034668,-50473.626937648754,2025-11-19 22:15:26
ba_64_1_2.txt,barabasi_albert_10ins_m20,42,SpecAnn-NCV,0.4940591950252281,1.0,-14803.0,-13433.000000000002,0.0065701007843017,0,True,36,15,True,31,32,0.7246401906013489,42.75839614868164,-50039.890521006666,2025-11-19 22:15:26
ba_64_1_2.txt,barabasi_albert_10ins_m20,42,SpecAnn-NCV,0.5019646441105269,1.0,-14803.0,-13433.000000000002,0.0065910816192626,0,True,36,15,True,32,32,0.7231342792510986,42.48461151123047,-49616.15746296506,2025-11-19 22:15:26
ba_64_1_2.txt,barabasi_albert_10ins_m20,42,SpecAnn-NCV,0.5097475058154177,1.0,-14803.0,-13433.000000000002,0.0065817832946777,0,True,36,15,True,33,32,0.7216405272483826,42.21714782714844,-49201.95177930369,2025-11-19 22:15:26
ba_64_1_2.txt,barabasi_albert_10ins_m20,42,SpecAnn-NCV,0.51741331199832,1.0,-14803.0,-13433.000000000002,0.0065727233886718,0,True,36,15,True,34,32,0.7201581597328186,41.95569610595703,-48796.80009023027,2025-11-19 22:15:26
ba_64_1_2.txt,barabasi_albert_10ins_m20,42,SpecAnn-NCV,0.5249671905758515,1.0,-14803.0,-13433.000000000002,0.0066022872924804,0,True,36,15,True,35,32,0.7186867594718933,41.69998550415039,-48400.30233498447,2025-11-19 22:15:26
ba_64_1_2.txt,barabasi_albert_10ins_m20,42,SpecAnn-NCV,0.5324139056496683,1.0,-14803.0,-13433.000000000002,0.0065836906433105,0,True,36,15,True,36,32,0.7172254920005798,41.44974899291992,-48012.03883281726,2025-11-19 22:15:26
ba_64_1_2.txt,barabasi_albert_10ins_m20,42,SpecAnn-NCV,0.5397578926492556,1.0,-14803.0,-13433.000000000002,0.006594181060791,0,True,36,15,True,37,32,0.7157739996910095,41.20475006103516,-47631.66134329064,2025-11-19 22:15:26
ba_64_1_2.txt,barabasi_albert_10ins_m20,42,SpecAnn-NCV,0.5470032892270364,1.0,-14803.0,-13433.000000000002,0.0065615177154541,0,True,36,15,True,38,32,0.7143316268920898,40.96476745605469,-47258.82280615559,2025-11-19 22:15:26
ba_64_1_2.txt,barabasi_albert_10ins_m20,42,SpecAnn-NCV,0.554153962516942,1.0,-14803.0,-13433.000000000002,0.0065701007843017,0,True,36,15,True,39,32,0.7128981947898865,40.72957611083984,-46893.20667361964,2025-11-19 22:15:26
ba_64_1_2.txt,barabasi_albert_10ins_m20,42,SpecAnn-NCV,0.5612135332663137,1.0,-14803.0,-13433.000000000002,0.0065889358520507,0,True,36,15,True,40,32,0.7114729881286621,40.49899673461914,-46534.51669013274,2025-11-19 22:15:26
ba_64_1_2.txt,barabasi_albert_10ins_m20,42,SpecAnn-NCV,0.5681853972686127,1.0,-14803.0,-13433.000000000002,0.0065844058990478,0,True,36,15,True,41,32,0.7100557088851929,40.27284240722656,-46182.478087820135,2025-11-19 22:15:26
ba_64_1_2.txt,barabasi_albert_10ins_m20,42,SpecAnn-NCV,0.5750727444570146,1.0,-14803.0,-13433.000000000002,0.006566047668457,0,True,36,15,True,42,32,0.7086459398269653,40.050926208496094,-45836.81088399565,2025-11-19 22:15:26
ba_64_1_2.txt,barabasi_albert_10ins_m20,42,SpecAnn-NCV,0.5818785759635375,1.0,-14803.0,-13433.000000000002,0.0066649913787841,0,True,36,15,True,43,32,0.7072435021400452,39.833106994628906,-45497.30533858077,2025-11-19 22:15:26
ba_64_1_2.txt,barabasi_albert_10ins_m20,42,SpecAnn-NCV,0.5886057194025436,1.0,-14803.0,-13433.000000000002,0.006772756576538,0,True,36,15,True,44,32,0.7058478593826294,39.61921691894531,-45163.70021603557,2025-11-19 22:15:26
ba_64_1_2.txt,barabasi_albert_10ins_m20,42,SpecAnn-NCV,0.5952568425994088,1.0,-14803.0,-13433.000000000002,0.0066721439361572,0,True,36,15,True,45,32,0.7044587731361389,39.409122467041016,-44835.794832558255,2025-11-19 22:15:26
ba_64_1_2.txt,barabasi_albert_10ins_m20,42,SpecAnn-NCV,0.6018344659534288,1.0,-14803.0,-13433.000000000002,0.0066213607788085,0,True,36,15,True,46,32,0.7030758857727051,39.20268249511719,-44513.37406267183,2025-11-19 22:15:26
ba_64_1_2.txt,barabasi_albert_10ins_m20,42,SpecAnn-NCV,0.6083409735974393,1.0,-14803.0,-13433.000000000002,0.0066163539886474,0,True,36,15,True,47,32,0.701698899269104,38.99977111816406,-44196.24579156079,2025-11-19 22:15:26
ba_64_1_2.txt,barabasi_albert_10ins_m20,42,SpecAnn-NCV,0.6147786234942719,1.0,-14803.0,-13433.000000000002,0.0065793991088867,0,True,36,15,True,48,32,0.7003276348114014,38.80026626586914,-43884.23140700642,2025-11-19 22:15:26
ba_64_1_2.txt,barabasi_albert_10ins_m20,42,SpecAnn-NCV,0.6211495565912796,1.0,-14803.0,-13433.000000000002,0.006568431854248,0,True,36,15,True,49,32,0.6989617943763733,38.60405731201172,-43577.15928795448,2025-11-19 22:15:26
ba_64_1_2.txt,barabasi_albert_10ins_m20,42,SpecAnn-NCV,0.6274558051381586,1.0,-14803.0,-13433.000000000002,0.0066628456115722,0,True,36,15,True,50,32,0.6976011395454407,38.41102981567383,-43274.85874540266,2025-11-19 22:15:26
ba_64_1_2.txt,barabasi_albert_10ins_m20,42,SpecAnn-NCV,0.6336993002596786,1.0,-14803.0,-13433.000000000002,0.0065724849700927,0,True,36,15,True,51,32,0.6962453722953796,38.22108459472656,-42977.17403619958,2025-11-19 22:15:26
ba_64_1_2.txt,barabasi_albert_10ins_m20,42,SpecAnn-NCV,0.6398818788633085,1.0,-14803.0,-13353.0,0.006615400314331,0,True,36,15,True,52,32,0.6948943734169006,38.03412628173828,-42683.96606687759,2025-11-19 22:15:26
ba_64_1_2.txt,barabasi_albert_10ins_m20,42,SpecAnn-NCV,0.6460052899517691,1.0,-14803.0,-13353.0,0.0065748691558837,0,True,36,15,True,53,32,0.6935479640960693,37.85005187988281,-42395.08467189067,2025-11-19 22:15:26
ba_64_1_2.txt,barabasi_albert_10ins_m20,42,SpecAnn-NCV,0.6520712004019966,1.0,-14803.0,-13353.0,0.0066001415252685,0,True,36,15,True,54,32,0.6922058463096619,37.66877746582031,-42110.39499606323,2025-11-19 22:15:26
ba_64_1_2.txt,barabasi_albert_10ins_m20,42,SpecAnn-NCV,0.6580812002646271,1.0,-14803.0,-13353.0,0.0066354274749755,0,True,36,15,True,55,32,0.6908679008483887,37.4902229309082,-41829.7784640627,2025-11-19 22:15:26
ba_64_1_2.txt,barabasi_albert_10ins_m20,42,SpecAnn-NCV,0.6640368076317485,1.0,-14803.0,-13353.0,0.0065720081329345,0,True,36,15,True,56,32,0.6895337700843811,37.31430816650391,-41553.10307484586,2025-11-19 22:15:26
ba_64_1_2.txt,barabasi_albert_10ins_m20,42,SpecAnn-NCV,0.6699394731151429,1.0,-14803.0,-13353.0,0.0065851211547851,0,True,36,15,True,57,32,0.6882035136222839,37.14094924926758,-41280.2588127698,2025-11-19 22:15:26
ba_64_1_2.txt,barabasi_albert_10ins_m20,42,SpecAnn-NCV,0.6757905839724513,1.0,-14469.000000000004,-13121.0,0.0065884590148925,0,True,36,15,True,58,32,0.6868767738342285,36.9700813293457,-41011.13265990239,2025-11-19 22:15:26
ba_64_1_2.txt,barabasi_albert_10ins_m20,42,SpecAnn-NCV,0.6815914679145113,1.0,-14469.000000000004,-13121.0,0.0066020488739013,0,True,36,15,True,59,32,0.6855534911155701,36.80162811279297,-40745.61767981134,2025-11-19 22:15:26
ba_64_1_2.txt,barabasi_albert_10ins_m20,42,SpecAnn-NCV,0.6873433966234707,1.0,-14469.000000000004,-13121.0,0.0066084861755371,0,True,36,15,True,60,32,0.6842334866523743,36.63552474975586,-40483.61332830666,2025-11-19 22:15:26
ba_64_1_2.txt,barabasi_albert_10ins_m20,42,SpecAnn-NCV,0.6930475890080863,1.0,-14469.000000000004,-13121.0,0.0066301822662353,0,True,36,15,True,61,32,0.6829166412353516,36.47170639038086,-40225.0233936089,2025-11-19 22:15:26
ba_64_1_2.txt,barabasi_albert_10ins_m20,42,SpecAnn-NCV,0.6987052142198116,1.0,-14469.000000000004,-13121.0,0.0065910816192626,0,True,36,15,True,62,32,0.6816027760505676,36.31011199951172,-39969.75311718236,2025-11-19 22:15:26
ba_64_1_2.txt,barabasi_albert_10ins_m20,42,SpecAnn-NCV,0.7043173944508145,1.0,-14469.000000000004,-13121.0,0.0065875053405761,0,True,36,15,True,63,32,0.6802917718887329,36.15068435668945,-39717.71618234414,2025-11-19 22:15:26
ba_64_1_2.txt,barabasi_albert_10ins_m20,42,SpecAnn-NCV,0.709885207532891,1.0,-14469.000000000004,-13121.0,0.0066390037536621,0,True,36,15,True,64,32,0.6789835095405579,35.99336242675781,-39468.82275820671,2025-11-19 22:15:26
ba_64_1_2.txt,barabasi_albert_10ins_m20,42,SpecAnn-NCV,0.7154096893543218,1.0,-14469.000000000004,-13121.0,0.0066661834716796,0,True,36,15,True,65,32,0.6776778101921082,35.838096618652344,-39222.99278334015,2025-11-19 22:15:26
ba_64_1_2.txt,barabasi_albert_10ins_m20,42,SpecAnn-NCV,0.7208918361100219,1.0,-14469.000000000004,-13121.0,0.0066001415252685,0,True,36,15,True,66,32,0.6763744950294495,35.684837341308594,-38980.14684665106,2025-11-19 22:15:26
ba_64_1_2.txt,barabasi_albert_10ins_m20,42,SpecAnn-NCV,0.7263326063988248,1.0,-14469.000000000004,-13121.0,0.0065865516662597,0,True,36,15,True,67,32,0.6750737428665161,35.53352355957031,-38740.21422575038,2025-11-19 22:15:26
ba_64_1_2.txt,barabasi_albert_10ins_m20,42,SpecAnn-NCV,0.7317329231804058,1.0,-14469.000000000004,-13121.0,0.0065987110137939,0,True,36,15,True,68,32,0.6737750768661499,35.384117126464844,-38503.11202231039,2025-11-19 22:15:26
ba_64_1_2.txt,barabasi_albert_10ins_m20,42,SpecAnn-NCV,0.7370936756031579,1.0,-14469.000000000004,-13121.0,0.0065963268280029,0,True,36,15,True,69,32,0.6724786162376404,35.236572265625,-38268.78379340437,2025-11-19 22:15:26
ba_64_1_2.txt,barabasi_albert_10ins_m20,42,SpecAnn-NCV,0.7424157207132704,1.0,-14469.000000000004,-13121.0,0.0066006183624267,0,True,36,15,True,70,32,0.6711841225624084,35.09083557128906,-38037.1448678793,2025-11-19 22:15:26
ba_64_1_2.txt,barabasi_albert_10ins_m20,42,SpecAnn-NCV,0.7476998850543153,1.0,-14469.000000000004,-13121.0,0.0066075325012207,0,True,36,15,True,71,32,0.6698917150497437,34.946868896484375,-37808.14797420541,2025-11-19 22:15:26
ba_64_1_2.txt,barabasi_albert_10ins_m20,42,SpecAnn-NCV,0.7529469661657903,1.0,-14469.000000000004,-13121.0,0.0066111087799072,0,True,36,15,True,72,32,0.6686010360717773,34.80463409423828,-37581.71928104352,2025-11-19 22:15:26
ba_64_1_2.txt,barabasi_albert_10ins_m20,42,SpecAnn-NCV,0.7581577339883167,1.0,-14469.000000000004,-13121.0,0.0066280364990234,0,True,36,15,True,73,32,0.6673120260238647,34.66408920288086,-37357.798207937936,2025-11-19 22:15:26
ba_64_1_2.txt,barabasi_albert_10ins_m20,42,SpecAnn-NCV,0.7633329321824984,1.0,-14469.000000000004,-13121.0,0.0066521167755126,0,True,36,15,True,74,32,0.6660247445106506,34.52519226074219,-37136.33125274669,2025-11-19 22:15:26
ba_64_1_2.txt,barabasi_albert_10ins_m20,42,SpecAnn-NCV,0.7684732793678399,1.0,-14469.000000000004,-13121.0,0.0066301822662353,0,True,36,15,True,75,32,0.6647389531135559,34.38791275024414,-36917.26097099251,2025-11-19 22:15:26
ba_64_1_2.txt,barabasi_albert_10ins_m20,42,SpecAnn-NCV,0.7735794702875677,1.0,-14469.000000000004,-13121.0,0.0066297054290771,0,True,36,15,True,76,32,0.6634545922279358,34.25220489501953,-36700.52394992561,2025-11-19 22:15:26
ba_64_1_2.txt,barabasi_albert_10ins_m20,42,SpecAnn-NCV,0.7786521769046981,1.0,-14469.000000000004,-13121.0,0.00661301612854,0,True,36,15,True,77,32,0.6621716618537903,34.1180419921875,-36486.08091274018,2025-11-19 22:15:26
ba_64_1_2.txt,barabasi_albert_10ins_m20,42,SpecAnn-NCV,0.7836920494342511,1.0,-14469.000000000004,-13121.0,0.0065646171569824,0,True,36,15,True,78,32,0.6608899831771851,33.98539352416992,-36273.87893945076,2025-11-19 22:15:26
ba_64_1_2.txt,barabasi_albert_10ins_m20,42,SpecAnn-NCV,0.788699717316095,1.0,-14469.000000000004,-13121.0,0.0066053867340087,0,True,36,15,True,79,32,0.6596095561981201,33.854217529296875,-36063.86312089362,2025-11-19 22:15:26
ba_64_1_2.txt,barabasi_albert_10ins_m20,42,SpecAnn-NCV,0.7936757901325451,1.0,-14469.000000000004,-13121.0,0.0066802501678466,0,True,36,15,True,80,32,0.6583302617073059,33.724491119384766,-35855.992699281014,2025-11-19 22:15:26
ba_64_1_2.txt,barabasi_albert_10ins_m20,42,SpecAnn-NCV,0.7986208584745024,1.0,-14469.000000000004,-13121.0,0.0066099166870117,0,True,36,15,True,81,32,0.6570519804954529,33.5961799621582,-35650.21507866658,2025-11-19 22:15:26
ba_64_1_2.txt,barabasi_albert_10ins_m20,42,SpecAnn-NCV,0.803535494759617,1.0,-14469.000000000004,-13121.0,0.0066227912902832,0,True,36,15,True,82,32,0.6557747721672058,33.46925354003906,-35446.49176544329,2025-11-19 22:15:26
ba_64_1_2.txt,barabasi_albert_10ins_m20,42,SpecAnn-NCV,0.8084202540056837,1.0,-14469.000000000004,-13121.0,0.006624698638916,0,True,36,15,True,83,32,0.6544984579086304,33.34368896484375,-35244.77970868753,2025-11-19 22:15:26
ba_64_1_2.txt,barabasi_albert_10ins_m20,42,SpecAnn-NCV,0.8132756745622272,1.0,-14469.000000000004,-13121.0,0.0065810680389404,0,True,36,15,True,84,32,0.653222918510437,33.219451904296875,-35045.02732865067,2025-11-19 22:15:26
ba_64_1_2.txt,barabasi_albert_10ins_m20,42,SpecAnn-NCV,0.8181022788030096,1.0,-14469.000000000004,-13121.0,0.0066306591033935,0,True,36,15,True,85,32,0.6519482135772705,33.09651565551758,-34847.201025453665,2025-11-19 22:15:26
ba_64_1_2.txt,barabasi_albert_10ins_m20,42,SpecAnn-NCV,0.822900573781978,1.0,-14469.000000000004,-13121.0,0.0066406726837158,0,True,36,15,True,86,32,0.6506741642951965,32.97486114501953,-34651.26270253146,2025-11-19 22:15:26
ba_64_1_2.txt,barabasi_albert_10ins_m20,42,SpecAnn-NCV,0.8276710518549868,1.0,-14469.000000000004,-13121.0,0.0065701007843017,0,True,36,15,True,87,32,0.6494008898735046,32.854461669921875,-34457.18238129098,2025-11-19 22:15:26
ba_64_1_2.txt,barabasi_albert_10ins_m20,42,SpecAnn-NCV,0.8324141912694495,1.0,-14469.000000000004,-13121.0,0.0066473484039306,0,True,36,15,True,88,32,0.6481281518936157,32.73529052734375,-34264.91131216844,2025-11-19 22:15:26
ba_64_1_2.txt,barabasi_albert_10ins_m20,42,SpecAnn-NCV,0.8371304567239225,1.0,-14469.000000000004,-13121.0,0.0065855979919433,0,True,36,15,True,89,32,0.6468559503555298,32.6173210144043,-34074.413715260576,2025-11-19 22:15:26
ba_64_1_2.txt,barabasi_albert_10ins_m20,42,SpecAnn-NCV,0.8418202998994706,1.0,-14469.000000000004,-13121.0,0.0066580772399902,0,True,36,15,True,90,32,0.6455841660499573,32.50053787231445,-33885.65971113418,2025-11-19 22:15:26
ba_64_1_2.txt,barabasi_albert_10ins_m20,42,SpecAnn-NCV,0.846484159964536,1.0,-14469.000000000004,-12621.000000000002,0.0066494941711425,0,True,36,15,True,91,32,0.6443127989768982,32.384910583496094,-33698.60999801034,2025-11-19 22:15:26
ba_64_1_2.txt,barabasi_albert_10ins_m20,42,SpecAnn-NCV,0.8511224640549078,1.0,-14469.000000000004,-12621.000000000002,0.0065863132476806,0,True,36,15,True,92,32,0.6430418491363525,32.27042770385742,-33513.245337521774,2025-11-19 22:15:26
ba_64_1_2.txt,barabasi_albert_10ins_m20,42,SpecAnn-NCV,0.8557356277302758,1.0,-14469.000000000004,-12621.000000000002,0.0066018104553222,0,True,36,15,True,93,32,0.641771137714386,32.15705871582031,-33329.51753452451,2025-11-19 22:15:26
ba_64_1_2.txt,barabasi_albert_10ins_m20,42,SpecAnn-NCV,0.8603240554087516,1.0,-14469.000000000004,-12621.000000000002,0.0066301822662353,0,True,36,15,True,94,32,0.6405006647109985,32.04478454589844,-33147.39987050242,2025-11-19 22:15:26
ba_64_1_2.txt,barabasi_albert_10ins_m20,42,SpecAnn-NCV,0.86488814078064,1.0,-14469.000000000004,-12621.000000000002,0.0066373348236083,0,True,36,15,True,95,32,0.639230489730835,31.93359375,-32966.87673626002,2025-11-19 22:15:26
ba_64_1_2.txt,barabasi_albert_10ins_m20,42,SpecAnn-NCV,0.8694282672026621,1.0,-14469.000000000004,-12621.000000000002,0.0066189765930175,0,True,36,15,True,96,32,0.6379603743553162,31.823457717895508,-32787.89957336755,2025-11-19 22:15:26
ba_64_1_2.txt,barabasi_albert_10ins_m20,42,SpecAnn-NCV,0.8739448080737451,1.0,-14469.000000000004,-12621.000000000002,0.0066049098968505,0,True,36,15,True,97,32,0.6366903185844421,31.71436309814453,-32610.448130626413,2025-11-19 22:15:26
ba_64_1_2.txt,barabasi_albert_10ins_m20,42,SpecAnn-NCV,0.878438127193422,1.0,-14469.000000000004,-12621.000000000002,0.0065946578979492,0,True,36,15,True,98,32,0.6354204416275024,31.60628700256348,-32434.498565279777,2025-11-19 22:15:26
ba_64_1_2.txt,barabasi_albert_10ins_m20,42,SpecAnn-NCV,0.8829085791038153,1.0,-14469.000000000004,-12621.000000000002,0.006620168685913,0,True,36,15,True,99,32,0.634150505065918,31.499217987060547,-32260.02066801657,2025-11-19 22:15:26
ba_64_1_2.txt,barabasi_albert_10ins_m20,42,SpecAnn-NCV,0.8873565094161138,1.0,-14469.000000000004,-12621.000000000002,0.0066339969635009,0,True,36,15,True,100,32,0.632880449295044,31.39313125610352,-32086.97990783785,2025-11-19 22:15:26
ba_64_1_2.txt,barabasi_albert_10ins_m20,42,SpecAnn-NCV,0.8917822551223932,1.0,-14469.000000000004,-12621.000000000002,0.0066039562225341,0,True,36,15,True,101,32,0.6316103339195251,31.288015365600582,-31915.361639885145,2025-11-19 22:15:26
ba_64_1_2.txt,barabasi_albert_10ins_m20,42,SpecAnn-NCV,0.8961861448935777,1.0,-14469.000000000004,-12621.000000000002,0.006608247756958,0,True,36,15,True,102,32,0.6303401589393616,31.183853149414062,-31745.142445127545,2025-11-19 22:15:26
ba_64_1_2.txt,barabasi_albert_10ins_m20,42,SpecAnn-NCV,0.9005684993642872,1.0,-14469.000000000004,-12995.0,0.0066642761230468,0,True,36,15,True,103,32,0.6290696859359741,31.08062744140625,-31576.287077362394,2025-11-19 22:15:26
ba_64_1_2.txt,barabasi_albert_10ins_m20,42,SpecAnn-NCV,0.9049296314052688,1.0,-14469.000000000004,-12995.0,0.0066018104553222,0,True,36,15,True,104,32,0.6277990341186523,30.978321075439453,-31408.778480392084,2025-11-19 22:15:26
ba_64_1_2.txt,barabasi_albert_10ins_m20,42,SpecAnn-NCV,0.9049296314052688,1.0,-14469.000000000004,-12995.0,0.006366491317749,0,True,12,15,True,104,32,0.6277990341186523,30.978321075439453,-31408.778480392084,2025-11-19 19:23:58
ba_64_1_2.txt,barabasi_albert_10ins_m20,42,SpecAnn-NCV,0.9092698463840684,1.0,-14469.000000000004,-12995.0,0.0065805912017822,0,True,36,15,True,105,32,0.6265281438827515,30.876922607421875,-31242.59653121362,2025-11-19 22:15:26
ba_64_1_2.txt,barabasi_albert_10ins_m20,42,SpecAnn-NCV,0.9092698463840684,1.0,-14469.000000000004,-12995.0,0.0063858032226562,0,True,12,15,True,105,32,0.6265281438827515,30.876922607421875,-31242.59653121362,2025-11-19 19:23:58
ba_64_1_2.txt,barabasi_albert_10ins_m20,42,SpecAnn-NCV,0.9135894424145556,1.0,-14469.000000000004,-12995.0,0.0065670013427734,0,True,36,15,True,106,32,0.6252569556236267,30.776416778564453,-31077.71738585012,2025-11-19 22:15:26
ba_64_1_2.txt,barabasi_albert_10ins_m20,42,SpecAnn-NCV,0.9135894424145556,1.0,-14469.000000000004,-12995.0,0.006479263305664,0,True,12,15,True,106,32,0.6252569556236267,30.776416778564453,-31077.71738585012,2025-11-19 19:23:58
ba_64_1_2.txt,barabasi_albert_10ins_m20,42,SpecAnn-NCV,0.9178887105958816,1.0,-14469.000000000004,-12995.0,0.0065748691558837,0,True,36,15,True,107,32,0.6239854097366333,30.676788330078125,-30914.117361909648,2025-11-19 22:15:26
ba_64_1_2.txt,barabasi_albert_10ins_m20,42,SpecAnn-NCV,0.922167935241408,1.0,-14469.000000000004,-12995.0,0.0065867900848388,0,True,36,15,True,108,32,0.6227134466171265,30.578022003173828,-30751.772937814087,2025-11-19 22:15:26
ba_64_1_2.txt,barabasi_albert_10ins_m20,42,SpecAnn-NCV,0.922167935241408,1.0,-14469.000000000004,-12995.0,0.0064704418182373,0,True,12,15,True,108,32,0.6227134466171265,30.578022003173828,-30751.772937814087,2025-11-19 19:23:58
ba_64_1_2.txt,barabasi_albert_10ins_m20,42,SpecAnn-NCV,0.92642739409812,1.0,-14469.000000000004,-12995.0,0.0065865516662597,0,True,36,15,True,109,32,0.6214410662651062,30.480104446411133,-30590.665600385004,2025-11-19 22:15:26
ba_64_1_2.txt,barabasi_albert_10ins_m20,42,SpecAnn-NCV,0.92642739409812,1.0,-14469.000000000004,-12995.0,0.0064890384674072,0,True,12,15,True,109,32,0.6214410662651062,30.480104446411133,-30590.665600385004,2025-11-19 19:23:58
ba_64_1_2.txt,barabasi_albert_10ins_m20,42,SpecAnn-NCV,0.9306673585570006,1.0,-14469.000000000004,-12995.0,0.0066225528717041,0,True,36,15,True,110,32,0.620168149471283,30.38302230834961,-30430.771093306925,2025-11-19 22:15:26
ba_64_1_2.txt,barabasi_albert_10ins_m20,42,SpecAnn-NCV,0.9348880938548184,1.0,-14469.000000000004,-12995.0,0.0063576698303222,0,True,12,15,True,111,32,0.6188948750495911,30.286762237548828,-30272.079918023093,2025-11-19 19:23:58
ba_64_1_2.txt,barabasi_albert_10ins_m20,42,SpecAnn-NCV,0.9348880938548184,1.0,-14469.000000000004,-12995.0,0.0065841674804687,0,True,36,15,True,111,32,0.6188948750495911,30.286762237548828,-30272.079918023093,2025-11-19 22:15:26
ba_64_1_2.txt,barabasi_albert_10ins_m20,42,SpecAnn-NCV,0.9390898592677528,1.0,-14469.000000000004,-12995.0,0.0065867900848388,0,True,36,15,True,112,32,0.6176209449768066,30.191314697265625,-30114.56312616901,2025-11-19 22:15:26
ba_64_1_2.txt,barabasi_albert_10ins_m20,42,SpecAnn-NCV,0.9390898592677528,1.0,-14469.000000000004,-12995.0,0.0063655376434326,0,True,12,15,True,112,32,0.6176209449768066,30.191314697265625,-30114.56312616901,2025-11-19 19:23:58
ba_64_1_2.txt,barabasi_albert_10ins_m20,42,SpecAnn-NCV,0.9432729082972536,1.0,-14469.000000000004,-12995.0,0.0066068172454833,0,True,36,15,True,113,32,0.6163464784622192,30.096660614013672,-29958.20281441564,2025-11-19 22:15:26
ba_64_1_2.txt,barabasi_albert_10ins_m20,42,SpecAnn-NCV,0.9474374888485204,1.0,-14469.000000000004,-12995.0,0.0063467025756835,0,True,12,15,True,114,32,0.6150714159011841,30.00279426574707,-29802.98575729034,2025-11-19 19:23:58
ba_64_1_2.txt,barabasi_albert_10ins_m20,42,SpecAnn-NCV,0.9474374888485204,1.0,-14469.000000000004,-12995.0,0.0065879821777343,0,True,36,15,True,114,32,0.6150714159011841,30.00279426574707,-29802.98575729034,2025-11-19 22:15:26
ba_64_1_2.txt,barabasi_albert_10ins_m20,42,SpecAnn-NCV,0.9515838434019476,1.0,-14469.000000000004,-12995.0,0.0066115856170654,0,True,36,15,True,115,32,0.6137956976890564,29.909698486328125,-29648.88746388741,2025-11-19 22:15:26
ba_64_1_2.txt,barabasi_albert_10ins_m20,42,SpecAnn-NCV,0.9515838434019476,1.0,-14469.000000000004,-12995.0,0.0063710212707519,0,True,12,15,True,115,32,0.6137956976890564,29.909698486328125,-29648.88746388741,2025-11-19 19:23:58
ba_64_1_2.txt,barabasi_albert_10ins_m20,42,SpecAnn-NCV,0.9557122091778746,1.0,-14469.000000000004,-12995.0,0.0066108703613281,0,True,36,15,True,116,32,0.6125193238258362,29.81736946105957,-29495.89969359365,2025-11-19 22:15:26
ba_64_1_2.txt,barabasi_albert_10ins_m20,42,SpecAnn-NCV,0.9598228182949629,1.0,-14469.000000000004,-12995.0,0.0066208839416503,0,True,36,15,True,117,32,0.6112422347068787,29.72578811645508,-29343.996308111164,2025-11-19 22:15:27
ba_64_1_2.txt,barabasi_albert_10ins_m20,42,SpecAnn-NCV,0.9598228182949629,1.0,-14469.000000000004,-12995.0,0.0064470767974853,0,True,12,15,True,117,32,0.6112422347068787,29.72578811645508,-29343.996308111164,2025-11-19 19:23:58
ba_64_1_2.txt,barabasi_albert_10ins_m20,42,SpecAnn-NCV,0.963915897922488,1.0,-14469.000000000004,-12995.0,0.0063836574554443,0,True,12,15,True,118,32,0.6099643707275391,29.634944915771484,-29193.160751256542,2025-11-19 19:23:58
ba_64_1_2.txt,barabasi_albert_10ins_m20,42,SpecAnn-NCV,0.963915897922488,1.0,-14469.000000000004,-12995.0,0.0066044330596923,0,True,36,15,True,118,32,0.6099643707275391,29.634944915771484,-29193.160751256542,2025-11-19 22:15:27
ba_64_1_2.txt,barabasi_albert_10ins_m20,42,SpecAnn-NCV,0.967991670426842,1.0,-14469.000000000004,-12995.0,0.0063667297363281,0,True,12,15,True,119,32,0.6086857914924622,29.54483222961425,-29043.384138164536,2025-11-19 19:23:58
ba_64_1_2.txt,barabasi_albert_10ins_m20,42,SpecAnn-NCV,0.967991670426842,1.0,-14469.000000000004,-12995.0,0.0066025257110595,0,True,36,15,True,119,32,0.6086857914924622,29.54483222961425,-29043.384138164536,2025-11-19 22:15:27
ba_64_1_2.txt,barabasi_albert_10ins_m20,42,SpecAnn-NCV,0.9720503535125016,1.0,-14469.000000000004,-13109.000000000002,0.0064013004302978,0,True,12,15,True,120,32,0.6074063181877136,29.45543670654297,-28894.640652259983,2025-11-19 19:23:58
ba_64_1_2.txt,barabasi_albert_10ins_m20,42,SpecAnn-NCV,0.9720503535125016,1.0,-14469.000000000004,-13109.000000000002,0.0066099166870117,0,True,36,15,True,120,32,0.6074063181877136,29.45543670654297,-28894.640652259983,2025-11-19 22:15:27
ba_64_1_2.txt,barabasi_albert_10ins_m20,42,SpecAnn-NCV,0.9760921603577252,1.0,-14469.000000000004,-13109.000000000002,0.0066406726837158,0,True,36,15,True,121,32,0.606126070022583,29.366748809814453,-28746.92255337462,2025-11-19 22:15:27
ba_64_1_2.txt,barabasi_albert_10ins_m20,42,SpecAnn-NCV,0.9801172997452104,1.0,-14469.000000000004,-13109.000000000002,0.0066096782684326,0,True,36,15,True,122,32,0.6048449277877808,29.27875518798828,-28600.207106342736,2025-11-19 22:15:27
ba_64_1_2.txt,barabasi_albert_10ins_m20,42,SpecAnn-NCV,0.9801172997452104,1.0,-14469.000000000004,-13109.000000000002,0.0064570903778076,0,True,12,15,True,122,32,0.6048449277877808,29.27875518798828,-28600.207106342736,2025-11-19 19:23:58
ba_64_1_2.txt,barabasi_albert_10ins_m20,42,SpecAnn-NCV,0.9841259761879442,1.0,-14469.000000000004,-13109.000000000002,0.0065793991088867,0,True,36,15,True,123,32,0.6035629510879517,29.191452026367188,-28454.48947449612,2025-11-19 22:15:27
ba_64_1_2.txt,barabasi_albert_10ins_m20,42,SpecAnn-NCV,0.9881183900504562,1.0,-14469.000000000004,-13109.000000000002,0.0066251754760742,0,True,36,15,True,124,32,0.6022799611091614,29.10482406616211,-28309.742475251216,2025-11-19 22:15:27
ba_64_1_2.txt,barabasi_albert_10ins_m20,42,SpecAnn-NCV,0.9920947376656812,1.0,-14469.000000000004,-13109.000000000002,0.0064072608947753,0,True,12,15,True,125,32,0.6009960770606995,29.01886558532715,-28165.96236971637,2025-11-19 19:23:58
ba_64_1_2.txt,barabasi_albert_10ins_m20,42,SpecAnn-NCV,0.9920947376656812,1.0,-14469.000000000004,-13109.000000000002,0.006655216217041,0,True,36,15,True,125,32,0.6009960770606995,29.01886558532715,-28165.96236971637,2025-11-19 22:15:27
ba_64_1_2.txt,barabasi_albert_10ins_m20,42,SpecAnn-NCV,0.9960552114476228,1.0,-14469.000000000004,-13109.000000000002,0.0066092014312744,0,True,36,15,True,126,32,0.5997112393379211,28.93356704711914,-28023.13334395587,2025-11-19 22:15:27
ba_64_1_2.txt,barabasi_albert_10ins_m20,42,SpecAnn-NCV,1.0,1.0,-14469.000000000004,-13109.000000000002,0.0065948963165283,0,True,36,15,True,127,32,0.5984253287315369,28.848915100097656,-27881.233226253484,2025-11-19 22:15:27
ba_64_1_2.txt,barabasi_albert_10ins_m20,43,SpecAnn-NCV,0.0,1.0,-14687.0,-12785.0,0.0128891468048095,0,True,23,29,True,0,32,0.8000581860542297,65.0,-83986.10808104277,2025-11-19 22:15:27
ba_64_1_2.txt,barabasi_albert_10ins_m20,43,SpecAnn-NCV,0.0887356509416113,1.0,-14687.0,-12785.0,0.0066559314727783,0,True,23,15,True,1,32,0.7888097167015076,60.13826370239258,-76611.79950771782,2025-11-19 22:15:27
ba_64_1_2.txt,barabasi_albert_10ins_m20,43,SpecAnn-NCV,0.1254911610276317,1.0,-14687.0,-12785.0,0.0066285133361816,0,True,23,15,True,2,32,0.7838965058326721,58.25138092041016,-73745.83215095157,2025-11-19 22:15:27
ba_64_1_2.txt,barabasi_albert_10ins_m20,43,SpecAnn-NCV,0.1536946558735679,1.0,-14687.0,-12785.0,0.0066595077514648,0,True,23,15,True,3,32,0.7800197601318359,56.851051330566406,-71617.08362670943,2025-11-19 22:15:27
ba_64_1_2.txt,barabasi_albert_10ins_m20,43,SpecAnn-NCV,0.1774713018832227,1.0,-14687.0,-12785.0,0.0066611766815185,0,True,23,15,True,4,32,0.7766770720481873,55.70153045654297,-69868.294057499,2025-11-19 22:15:27
ba_64_1_2.txt,barabasi_albert_10ins_m20,43,SpecAnn-NCV,0.1984189475331362,1.0,-14687.0,-12785.0,0.0066173076629638,0,True,23,15,True,5,32,0.7736740112304688,54.71164321899414,-68361.2969994529,2025-11-19 22:15:27
ba_64_1_2.txt,barabasi_albert_10ins_m20,43,SpecAnn-NCV,0.2173570668006655,1.0,-14687.0,-12785.0,0.0066401958465576,0,True,23,15,True,6,32,0.7709111571311951,53.83471298217773,-67025.37611945,2025-11-19 22:15:27
ba_64_1_2.txt,barabasi_albert_10ins_m20,43,SpecAnn-NCV,0.2347724648169381,1.0,-14609.000000000002,-12985.000000000002,0.0066466331481933,0,True,23,15,True,7,32,0.7683293223381042,53.043060302734375,-65818.57980207965,2025-11-19 22:15:27
ba_64_1_2.txt,barabasi_albert_10ins_m20,43,SpecAnn-NCV,0.2509823220552634,1.0,-14609.000000000002,-12985.000000000002,0.0066301822662353,0,True,23,15,True,8,32,0.7658901214599609,52.318660736083984,-64713.60786263769,2025-11-19 22:15:27
ba_64_1_2.txt,barabasi_albert_10ins_m20,43,SpecAnn-NCV,0.2662069528248341,1.0,-14609.000000000002,-12985.000000000002,0.0066039562225341,0,True,23,15,True,9,32,0.7635669708251953,51.64904022216797,-63691.56441937819,2025-11-19 22:15:27
ba_64_1_2.txt,barabasi_albert_10ins_m20,43,SpecAnn-NCV,0.2806067666331568,1.0,-14609.000000000002,-12985.000000000002,0.0065944194793701,0,True,23,15,True,10,32,0.7613402605056763,51.02510833740234,-62738.66287739413,2025-11-19 22:15:27
ba_64_1_2.txt,barabasi_albert_10ins_m20,43,SpecAnn-NCV,0.2943028597012718,1.0,-14609.000000000002,-12985.000000000002,0.0066282749176025,0,True,23,15,True,11,32,0.7591955065727234,50.44002151489258,-61844.54786214377,2025-11-19 22:15:27
ba_64_1_2.txt,barabasi_albert_10ins_m20,43,SpecAnn-NCV,0.3073893117471359,1.0,-14609.000000000002,-12985.000000000002,0.006601333618164,0,True,23,15,True,12,32,0.7571213841438293,49.88847351074219,-61001.18263940056,2025-11-19 22:15:27
ba_64_1_2.txt,barabasi_albert_10ins_m20,43,SpecAnn-NCV,0.3199409394316542,1.0,-14609.000000000002,-12985.000000000002,0.0066540241241455,0,True,23,15,True,13,32,0.7551087737083435,49.366249084472656,-60202.1738111422,2025-11-19 22:15:27
ba_64_1_2.txt,barabasi_albert_10ins_m20,43,SpecAnn-NCV,0.3320184038158743,1.0,-14609.000000000002,-12985.000000000002,0.0066401958465576,0,True,23,15,True,14,32,0.7531503438949585,48.86992645263672,-59442.339090988346,2025-11-19 22:15:27
ba_64_1_2.txt,barabasi_albert_10ins_m20,43,SpecAnn-NCV,0.3436716983117353,1.0,-14687.0,-13065.0,0.0066170692443847,0,True,23,15,True,15,32,0.7512401938438416,48.396705627441406,-58717.44408489431,2025-11-19 22:15:27
ba_64_1_2.txt,barabasi_albert_10ins_m20,43,SpecAnn-NCV,0.3549426037664455,1.0,-14687.0,-13065.0,0.0066111087799072,0,True,23,15,True,16,32,0.749373197555542,47.94424057006836,-58023.92810948829,2025-11-19 22:15:27
ba_64_1_2.txt,barabasi_albert_10ins_m20,43,SpecAnn-NCV,0.3658664615902029,1.0,-14687.0,-13065.0,0.0066418647766113,0,True,23,15,True,17,32,0.7475451827049255,47.51054763793945,-57358.793838279445,2025-11-19 22:15:27
ba_64_1_2.txt,barabasi_albert_10ins_m20,43,SpecAnn-NCV,0.3764734830828951,1.0,-14687.0,-13065.0,0.006606101989746,0,True,23,15,True,18,32,0.7457525134086609,47.09394836425781,-56719.49502975748,2025-11-19 22:15:27
ba_64_1_2.txt,barabasi_albert_10ins_m20,43,SpecAnn-NCV,0.3867897351437838,1.0,-14687.0,-13065.0,0.0066533088684082,0,True,23,15,True,19,32,0.7439919710159302,46.69297409057617,-56103.80448938329,2025-11-19 22:15:27
ba_64_1_2.txt,barabasi_albert_10ins_m20,43,SpecAnn-NCV,0.3968378950662725,1.0,-14687.0,-13065.0,0.006631851196289,0,True,23,15,True,20,32,0.7422609925270081,46.30636978149414,-55509.830370850206,2025-11-19 22:15:27
ba_64_1_2.txt,barabasi_albert_10ins_m20,43,SpecAnn-NCV,0.4066378372811136,1.0,-14687.0,-13433.000000000002,0.0066297054290771,0,True,23,15,True,21,32,0.7405569553375244,45.93302154541016,-54935.8700149718,2025-11-19 22:15:27
ba_64_1_2.txt,barabasi_albert_10ins_m20,43,SpecAnn-NCV,0.4162070956347247,1.0,-14687.0,-13433.000000000002,0.0065867900848388,0,True,23,15,True,22,32,0.7388780117034912,45.57196044921875,-54380.47303473046,2025-11-19 22:15:27
ba_64_1_2.txt,barabasi_albert_10ins_m20,43,SpecAnn-NCV,0.4255612320274539,1.0,-14687.0,-13433.000000000002,0.0066068172454833,0,True,23,15,True,23,32,0.7372222542762756,45.22232055664063,-53842.32528355911,2025-11-19 22:15:27
ba_64_1_2.txt,barabasi_albert_10ins_m20,43,SpecAnn-NCV,0.434714133601331,1.0,-14687.0,-13433.000000000002,0.0065739154815673,0,True,23,15,True,24,32,0.7355878353118896,44.883331298828125,-53320.246506381554,2025-11-19 22:15:27
ba_64_1_2.txt,barabasi_albert_10ins_m20,43,SpecAnn-NCV,0.4436782547080569,1.0,-14687.0,-13433.000000000002,0.0065853595733642,0,True,23,15,True,25,32,0.7339734435081482,44.55430603027344,-52813.20903355137,2025-11-19 22:15:27
ba_64_1_2.txt,barabasi_albert_10ins_m20,43,SpecAnn-NCV,0.4524648157026343,1.0,-14687.0,-13433.000000000002,0.0066058635711669,0,True,23,15,True,26,32,0.7323778867721558,44.234619140625,-52320.27787473708,2025-11-19 22:15:27
ba_64_1_2.txt,barabasi_albert_10ins_m20,43,SpecAnn-NCV,0.4610839676207039,1.0,-14687.0,-13433.000000000002,0.0065920352935791,0,True,23,15,True,27,32,0.7307994961738586,43.92371368408203,-51840.57594611533,2025-11-19 22:15:27
ba_64_1_2.txt,barabasi_albert_10ins_m20,43,SpecAnn-NCV,0.4695449296338763,1.0,-14687.0,-13433.000000000002,0.0066118240356445,0,True,23,15,True,28,32,0.7292374968528748,43.6210823059082,-51373.358126299565,2025-11-19 22:15:27
ba_64_1_2.txt,barabasi_albert_10ins_m20,43,SpecAnn-NCV,0.4778561045889373,1.0,-14687.0,-13433.000000000002,0.0065987110137939,0,True,23,15,True,29,32,0.7276909947395325,43.326263427734375,-50917.93274730121,2025-11-19 22:15:27
ba_64_1_2.txt,barabasi_albert_10ins_m20,43,SpecAnn-NCV,0.4860251767562508,1.0,-14687.0,-13433.000000000002,0.0065939426422119,0,True,23,15,True,30,32,0.7261587381362915,43.0388298034668,-50473.63108063112,2025-11-19 22:15:27
ba_64_1_2.txt,barabasi_albert_10ins_m20,43,SpecAnn-NCV,0.4940591950252281,1.0,-14687.0,-13433.000000000002,0.0066158771514892,0,True,23,15,True,31,32,0.7246401309967041,42.75839614868164,-50039.88640501926,2025-11-19 22:15:27
ba_64_1_2.txt,barabasi_albert_10ins_m20,43,SpecAnn-NCV,0.5019646441105269,1.0,-14687.0,-13433.000000000002,0.006615400314331,0,True,23,15,True,32,32,0.7231343388557434,42.48461151123047,-49616.16155259755,2025-11-19 22:15:27
ba_64_1_2.txt,barabasi_albert_10ins_m20,43,SpecAnn-NCV,0.5097475058154177,1.0,-14687.0,-13433.000000000002,0.0065948963165283,0,True,23,15,True,33,32,0.7216404676437378,42.21714782714844,-49201.94771541766,2025-11-19 22:15:27
ba_64_1_2.txt,barabasi_albert_10ins_m20,43,SpecAnn-NCV,0.51741331199832,1.0,-14687.0,-13433.000000000002,0.0066378116607666,0,True,23,15,True,34,32,0.7201581597328186,41.95569610595703,-48796.80009023027,2025-11-19 22:15:27
ba_64_1_2.txt,barabasi_albert_10ins_m20,43,SpecAnn-NCV,0.5249671905758515,1.0,-14687.0,-13433.000000000002,0.0066146850585937,0,True,23,15,True,35,32,0.7186867594718933,41.69998550415039,-48400.30233498447,2025-11-19 22:15:27
ba_64_1_2.txt,barabasi_albert_10ins_m20,43,SpecAnn-NCV,0.5324139056496683,1.0,-14687.0,-13433.000000000002,0.0065813064575195,0,True,23,15,True,36,32,0.7172254920005798,41.44974899291992,-48012.03883281726,2025-11-19 22:15:27
ba_64_1_2.txt,barabasi_albert_10ins_m20,43,SpecAnn-NCV,0.5397578926492556,1.0,-14687.0,-13433.000000000002,0.0065991878509521,0,True,23,15,True,37,32,0.7157739400863647,41.20475006103516,-47631.65737685953,2025-11-19 22:15:27
ba_64_1_2.txt,barabasi_albert_10ins_m20,43,SpecAnn-NCV,0.5470032892270364,1.0,-14687.0,-13433.000000000002,0.0066051483154296,0,True,23,15,True,38,32,0.7143316268920898,40.96476745605469,-47258.82280615559,2025-11-19 22:15:27
ba_64_1_2.txt,barabasi_albert_10ins_m20,43,SpecAnn-NCV,0.554153962516942,1.0,-14687.0,-13433.000000000002,0.006601333618164,0,True,23,15,True,39,32,0.7128981947898865,40.72957611083984,-46893.20667361964,2025-11-19 22:15:27
ba_64_1_2.txt,barabasi_albert_10ins_m20,43,SpecAnn-NCV,0.5612135332663137,1.0,-14687.0,-13433.000000000002,0.0066072940826416,0,True,23,15,True,40,32,0.7114729881286621,40.49899673461914,-46534.51669013274,2025-11-19 22:15:27
ba_64_1_2.txt,barabasi_albert_10ins_m20,43,SpecAnn-NCV,0.5681853972686127,1.0,-14687.0,-13433.000000000002,0.006601333618164,0,True,23,15,True,41,32,0.7100557088851929,40.27284240722656,-46182.478087820135,2025-11-19 22:15:27
ba_64_1_2.txt,barabasi_albert_10ins_m20,43,SpecAnn-NCV,0.5750727444570146,1.0,-14687.0,-13433.000000000002,0.0065925121307373,0,True,23,15,True,42,32,0.7086459994316101,40.050926208496094,-45836.81473935793,2025-11-19 22:15:27
ba_64_1_2.txt,barabasi_albert_10ins_m20,43,SpecAnn-NCV,0.5818785759635375,1.0,-14687.0,-13433.000000000002,0.0066044330596923,0,True,23,15,True,43,32,0.7072435021400452,39.833106994628906,-45497.30533858077,2025-11-19 22:15:27
ba_64_1_2.txt,barabasi_albert_10ins_m20,43,SpecAnn-NCV,0.5886057194025436,1.0,-14687.0,-13433.000000000002,0.0066132545471191,0,True,23,15,True,44,32,0.7058478593826294,39.61921691894531,-45163.70021603557,2025-11-19 22:15:27
ba_64_1_2.txt,barabasi_albert_10ins_m20,43,SpecAnn-NCV,0.5952568425994088,1.0,-14687.0,-13433.000000000002,0.0066015720367431,0,True,23,15,True,45,32,0.7044587731361389,39.409122467041016,-44835.794832558255,2025-11-19 22:15:27
ba_64_1_2.txt,barabasi_albert_10ins_m20,43,SpecAnn-NCV,0.6018344659534288,1.0,-14687.0,-13433.000000000002,0.0065898895263671,0,True,23,15,True,46,32,0.7030758857727051,39.20268249511719,-44513.37406267183,2025-11-19 22:15:27
ba_64_1_2.txt,barabasi_albert_10ins_m20,43,SpecAnn-NCV,0.6083409735974393,1.0,-14687.0,-13433.000000000002,0.00663423538208,0,True,23,15,True,47,32,0.701698899269104,38.99977111816406,-44196.24579156079,2025-11-19 22:15:27
ba_64_1_2.txt,barabasi_albert_10ins_m20,43,SpecAnn-NCV,0.6147786234942719,1.0,-14687.0,-13433.000000000002,0.0066335201263427,0,True,23,15,True,48,32,0.7003276348114014,38.80026626586914,-43884.23140700642,2025-11-19 22:15:27
ba_64_1_2.txt,barabasi_albert_10ins_m20,43,SpecAnn-NCV,0.6211495565912796,1.0,-14687.0,-13433.000000000002,0.006667137145996,0,True,23,15,True,49,32,0.6989617943763733,38.60405731201172,-43577.15928795448,2025-11-19 22:15:27
ba_64_1_2.txt,barabasi_albert_10ins_m20,43,SpecAnn-NCV,0.6274558051381586,1.0,-14687.0,-13433.000000000002,0.0066390037536621,0,True,23,15,True,50,32,0.6976011395454407,38.41102981567383,-43274.85874540266,2025-11-19 22:15:27
ba_64_1_2.txt,barabasi_albert_10ins_m20,43,SpecAnn-NCV,0.6336993002596786,1.0,-14687.0,-13433.000000000002,0.0065712928771972,0,True,23,15,True,51,32,0.6962454319000244,38.22108459472656,-42977.17771541857,2025-11-19 22:15:27
ba_64_1_2.txt,barabasi_albert_10ins_m20,43,SpecAnn-NCV,0.6398818788633085,1.0,-14687.0,-13353.0,0.0066542625427246,0,True,23,15,True,52,32,0.6948944926261902,38.03412628173828,-42683.973389321785,2025-11-19 22:15:27
ba_64_1_2.txt,barabasi_albert_10ins_m20,43,SpecAnn-NCV,0.6460052899517691,1.0,-14687.0,-13353.0,0.0065987110137939,0,True,23,15,True,53,32,0.6935479640960693,37.85005187988281,-42395.08467189067,2025-11-19 22:15:27
ba_64_1_2.txt,barabasi_albert_10ins_m20,43,SpecAnn-NCV,0.6520712004019966,1.0,-14687.0,-13353.0,0.0066375732421875,0,True,23,15,True,54,32,0.6922059059143066,37.66877746582031,-42110.3986221163,2025-11-19 22:15:27
ba_64_1_2.txt,barabasi_albert_10ins_m20,43,SpecAnn-NCV,0.6580812002646271,1.0,-14687.0,-13353.0,0.0066225528717041,0,True,23,15,True,55,32,0.6908679008483887,37.4902229309082,-41829.7784640627,2025-11-19 22:15:27
ba_64_1_2.txt,barabasi_albert_10ins_m20,43,SpecAnn-NCV,0.6640368076317485,1.0,-14687.0,-13353.0,0.0066146850585937,0,True,23,15,True,56,32,0.6895338296890259,37.31430816650391,-41553.10666677718,2025-11-19 22:15:27
ba_64_1_2.txt,barabasi_albert_10ins_m20,43,SpecAnn-NCV,0.6699394731151429,1.0,-14687.0,-13353.0,0.0066115856170654,0,True,23,15,True,57,32,0.6882035136222839,37.14094924926758,-41280.2588127698,2025-11-19 22:15:27
ba_64_1_2.txt,barabasi_albert_10ins_m20,43,SpecAnn-NCV,0.6757905839724513,1.0,-14601.000000000002,-13121.0,0.0066449642181396,0,True,23,15,True,58,32,0.6868767738342285,36.9700813293457,-41011.13265990239,2025-11-19 22:15:27
ba_64_1_2.txt,barabasi_albert_10ins_m20,43,SpecAnn-NCV,0.6815914679145113,1.0,-14601.000000000002,-13121.0,0.0066168308258056,0,True,23,15,True,59,32,0.6855534911155701,36.80162811279297,-40745.61767981134,2025-11-19 22:15:27
ba_64_1_2.txt,barabasi_albert_10ins_m20,43,SpecAnn-NCV,0.6873433966234707,1.0,-14601.000000000002,-13121.0,0.0065851211547851,0,True,23,15,True,60,32,0.6842334866523743,36.63552474975586,-40483.61332830666,2025-11-19 22:15:27
ba_64_1_2.txt,barabasi_albert_10ins_m20,43,SpecAnn-NCV,0.6930475890080863,1.0,-14601.000000000002,-13121.0,0.0066277980804443,0,True,23,15,True,61,32,0.6829166412353516,36.47170639038086,-40225.0233936089,2025-11-19 22:15:27
ba_64_1_2.txt,barabasi_albert_10ins_m20,43,SpecAnn-NCV,0.6987052142198116,1.0,-14601.000000000002,-13121.0,0.0065839290618896,0,True,23,15,True,62,32,0.6816027760505676,36.31011199951172,-39969.75311718236,2025-11-19 22:15:27
ba_64_1_2.txt,barabasi_albert_10ins_m20,43,SpecAnn-NCV,0.7043173944508145,1.0,-14601.000000000002,-13121.0,0.0066044330596923,0,True,23,15,True,63,32,0.6802917718887329,36.15068435668945,-39717.71618234414,2025-11-19 22:15:27
ba_64_1_2.txt,barabasi_albert_10ins_m20,43,SpecAnn-NCV,0.709885207532891,1.0,-14601.000000000002,-13121.0,0.0066654682159423,0,True,23,15,True,64,32,0.6789835095405579,35.99336242675781,-39468.82275820671,2025-11-19 22:15:27
ba_64_1_2.txt,barabasi_albert_10ins_m20,43,SpecAnn-NCV,0.7154096893543218,1.0,-14601.000000000002,-13121.0,0.0066146850585937,0,True,23,15,True,65,32,0.6776778101921082,35.838096618652344,-39222.99278334015,2025-11-19 22:15:27
ba_64_1_2.txt,barabasi_albert_10ins_m20,43,SpecAnn-NCV,0.7208918361100219,1.0,-14601.000000000002,-13121.0,0.0066175460815429,0,True,23,15,True,66,32,0.6763745546340942,35.684837341308594,-38980.15028172708,2025-11-19 22:15:27
ba_64_1_2.txt,barabasi_albert_10ins_m20,43,SpecAnn-NCV,0.7263326063988248,1.0,-14601.000000000002,-13121.0,0.0066108703613281,0,True,23,15,True,67,32,0.6750737428665161,35.53352355957031,-38740.21422575038,2025-11-19 22:15:27
ba_64_1_2.txt,barabasi_albert_10ins_m20,43,SpecAnn-NCV,0.7317329231804058,1.0,-14601.000000000002,-13121.0,0.006608247756958,0,True,23,15,True,68,32,0.6737751364707947,35.384117126464844,-38503.11542843863,2025-11-19 22:15:27
ba_64_1_2.txt,barabasi_albert_10ins_m20,43,SpecAnn-NCV,0.7370936756031579,1.0,-14601.000000000002,-13121.0,0.0065803527832031,0,True,23,15,True,69,32,0.6724786162376404,35.236572265625,-38268.78379340437,2025-11-19 22:15:27
ba_64_1_2.txt,barabasi_albert_10ins_m20,43,SpecAnn-NCV,0.7424157207132704,1.0,-14601.000000000002,-13121.0,0.0066001415252685,0,True,23,15,True,70,32,0.6711841821670532,35.09083557128906,-38037.14824577582,2025-11-19 22:15:27
ba_64_1_2.txt,barabasi_albert_10ins_m20,43,SpecAnn-NCV,0.7476998850543153,1.0,-14601.000000000002,-13121.0,0.0066378116607666,0,True,23,15,True,71,32,0.6698917746543884,34.946868896484375,-37808.15133824347,2025-11-19 22:15:27
ba_64_1_2.txt,barabasi_albert_10ins_m20,43,SpecAnn-NCV,0.7529469661657903,1.0,-14601.000000000002,-13121.0,0.006617784500122,0,True,23,15,True,72,32,0.6686009764671326,34.80463409423828,-37581.71593069719,2025-11-19 22:15:27
ba_64_1_2.txt,barabasi_albert_10ins_m20,43,SpecAnn-NCV,0.7581577339883167,1.0,-14601.000000000002,-13121.0,0.0066652297973632,0,True,23,15,True,73,32,0.6673120260238647,34.66408920288086,-37357.798207937936,2025-11-19 22:15:27
ba_64_1_2.txt,barabasi_albert_10ins_m20,43,SpecAnn-NCV,0.7633329321824984,1.0,-14601.000000000002,-13121.0,0.006648302078247,0,True,23,15,True,74,32,0.6660247445106506,34.52519226074219,-37136.33125274669,2025-11-19 22:15:27
ba_64_1_2.txt,barabasi_albert_10ins_m20,43,SpecAnn-NCV,0.7684732793678399,1.0,-14601.000000000002,-13121.0,0.0066027641296386,0,True,23,15,True,75,32,0.6647389531135559,34.38791275024414,-36917.26097099251,2025-11-19 22:15:27
ba_64_1_2.txt,barabasi_albert_10ins_m20,43,SpecAnn-NCV,0.7735794702875677,1.0,-14601.000000000002,-13121.0,0.0066266059875488,0,True,23,15,True,76,32,0.6634545922279358,34.25220489501953,-36700.52394992561,2025-11-19 22:15:27
ba_64_1_2.txt,barabasi_albert_10ins_m20,43,SpecAnn-NCV,0.7786521769046981,1.0,-14601.000000000002,-13121.0,0.006610631942749,0,True,23,15,True,77,32,0.6621716618537903,34.1180419921875,-36486.08091274018,2025-11-19 22:15:27
ba_64_1_2.txt,barabasi_albert_10ins_m20,43,SpecAnn-NCV,0.7836920494342511,1.0,-14601.000000000002,-13121.0,0.0065951347351074,0,True,23,15,True,78,32,0.6608899831771851,33.98539352416992,-36273.87893945076,2025-11-19 22:15:27
ba_64_1_2.txt,barabasi_albert_10ins_m20,43,SpecAnn-NCV,0.788699717316095,1.0,-14601.000000000002,-13121.0,0.0066690444946289,0,True,23,15,True,79,32,0.6596095561981201,33.854217529296875,-36063.86312089362,2025-11-19 22:15:27
ba_64_1_2.txt,barabasi_albert_10ins_m20,43,SpecAnn-NCV,0.7936757901325451,1.0,-14601.000000000002,-13121.0,0.006584882736206,0,True,23,15,True,80,32,0.6583302617073059,33.724491119384766,-35855.992699281014,2025-11-19 22:15:27
ba_64_1_2.txt,barabasi_albert_10ins_m20,43,SpecAnn-NCV,0.7986208584745024,1.0,-14601.000000000002,-13121.0,0.0065958499908447,0,True,23,15,True,81,32,0.6570520401000977,33.5961799621582,-35650.218312685305,2025-11-19 22:15:27
ba_64_1_2.txt,barabasi_albert_10ins_m20,43,SpecAnn-NCV,0.803535494759617,1.0,-14601.000000000002,-13121.0,0.0066068172454833,0,True,23,15,True,82,32,0.655774712562561,33.46925354003906,-35446.48854364269,2025-11-19 22:15:27
ba_64_1_2.txt,barabasi_albert_10ins_m20,43,SpecAnn-NCV,0.8084202540056837,1.0,-14601.000000000002,-13121.0,0.0066397190093994,0,True,23,15,True,83,32,0.6544984579086304,33.34368896484375,-35244.77970868753,2025-11-19 22:15:27
ba_64_1_2.txt,barabasi_albert_10ins_m20,43,SpecAnn-NCV,0.8132756745622272,1.0,-14601.000000000002,-13121.0,0.006645917892456,0,True,23,15,True,84,32,0.653222918510437,33.219451904296875,-35045.02732865067,2025-11-19 22:15:27
ba_64_1_2.txt,barabasi_albert_10ins_m20,43,SpecAnn-NCV,0.8181022788030096,1.0,-14601.000000000002,-13121.0,0.0066497325897216,0,True,23,15,True,85,32,0.6519482135772705,33.09651565551758,-34847.201025453665,2025-11-19 22:15:28
ba_64_1_2.txt,barabasi_albert_10ins_m20,43,SpecAnn-NCV,0.822900573781978,1.0,-14601.000000000002,-13121.0,0.0066144466400146,0,True,23,15,True,86,32,0.6506742238998413,32.97486114501953,-34651.2658767411,2025-11-19 22:15:28
ba_64_1_2.txt,barabasi_albert_10ins_m20,43,SpecAnn-NCV,0.8276710518549868,1.0,-14601.000000000002,-13121.0,0.0066149234771728,0,True,23,15,True,87,32,0.6494008898735046,32.854461669921875,-34457.18238129098,2025-11-19 22:15:28
ba_64_1_2.txt,barabasi_albert_10ins_m20,43,SpecAnn-NCV,0.8324141912694495,1.0,-14601.000000000002,-13121.0,0.0066123008728027,0,True,23,15,True,88,32,0.6481281518936157,32.73529052734375,-34264.91131216844,2025-11-19 22:15:28
ba_64_1_2.txt,barabasi_albert_10ins_m20,43,SpecAnn-NCV,0.8371304567239225,1.0,-14601.000000000002,-13121.0,0.0065851211547851,0,True,23,15,True,89,32,0.6468559503555298,32.6173210144043,-34074.413715260576,2025-11-19 22:15:28
ba_64_1_2.txt,barabasi_albert_10ins_m20,43,SpecAnn-NCV,0.8418202998994706,1.0,-14601.000000000002,-13121.0,0.0066359043121337,0,True,23,15,True,90,32,0.6455841660499573,32.50053787231445,-33885.65971113418,2025-11-19 22:15:28
ba_64_1_2.txt,barabasi_albert_10ins_m20,43,SpecAnn-NCV,0.846484159964536,1.0,-14803.0,-12621.000000000002,0.0066373348236083,0,True,23,15,True,91,32,0.644312858581543,32.384910583496094,-33698.61311543045,2025-11-19 22:15:28
ba_64_1_2.txt,barabasi_albert_10ins_m20,43,SpecAnn-NCV,0.8511224640549078,1.0,-14803.0,-12621.000000000002,0.0065882205963134,0,True,23,15,True,92,32,0.6430417895317078,32.27042770385742,-33513.24223112195,2025-11-19 22:15:28
ba_64_1_2.txt,barabasi_albert_10ins_m20,43,SpecAnn-NCV,0.8557356277302758,1.0,-14803.0,-12621.000000000002,0.0066714286804199,0,True,23,15,True,93,32,0.641771137714386,32.15705871582031,-33329.51753452451,2025-11-19 22:15:28
ba_64_1_2.txt,barabasi_albert_10ins_m20,43,SpecAnn-NCV,0.8603240554087516,1.0,-14803.0,-12621.000000000002,0.0066862106323242,0,True,23,15,True,94,32,0.6405007243156433,32.04478454589844,-33147.40295518149,2025-11-19 22:15:28
ba_64_1_2.txt,barabasi_albert_10ins_m20,43,SpecAnn-NCV,0.86488814078064,1.0,-14803.0,-12621.000000000002,0.0066525936126708,0,True,23,15,True,95,32,0.639230489730835,31.93359375,-32966.87673626002,2025-11-19 22:15:28
ba_64_1_2.txt,barabasi_albert_10ins_m20,43,SpecAnn-NCV,0.8694282672026621,1.0,-14803.0,-12621.000000000002,0.0066542625427246,0,True,23,15,True,96,32,0.6379603743553162,31.823457717895508,-32787.89957336755,2025-11-19 22:15:28
ba_64_1_2.txt,barabasi_albert_10ins_m20,43,SpecAnn-NCV,0.8739448080737451,1.0,-14803.0,-12621.000000000002,0.0066356658935546,0,True,23,15,True,97,32,0.6366903781890869,31.71436309814453,-32610.45118349862,2025-11-19 22:15:28
ba_64_1_2.txt,barabasi_albert_10ins_m20,43,SpecAnn-NCV,0.878438127193422,1.0,-14803.0,-12621.000000000002,0.0065951347351074,0,True,23,15,True,98,32,0.6354204416275024,31.60628700256348,-32434.498565279777,2025-11-19 22:15:28
ba_64_1_2.txt,barabasi_albert_10ins_m20,43,SpecAnn-NCV,0.8829085791038153,1.0,-14803.0,-12621.000000000002,0.0066146850585937,0,True,23,15,True,99,32,0.634150505065918,31.499217987060547,-32260.02066801657,2025-11-19 22:15:28
ba_64_1_2.txt,barabasi_albert_10ins_m20,43,SpecAnn-NCV,0.8873565094161138,1.0,-14803.0,-12621.000000000002,0.0066070556640625,0,True,23,15,True,100,32,0.6328803896903992,31.39313125610352,-32086.9768858879,2025-11-19 22:15:28
ba_64_1_2.txt,barabasi_albert_10ins_m20,43,SpecAnn-NCV,0.8917822551223932,1.0,-14803.0,-12621.000000000002,0.0065829753875732,0,True,23,15,True,101,32,0.6316103935241699,31.288015365600582,-31915.36465171648,2025-11-19 22:15:28
ba_64_1_2.txt,barabasi_albert_10ins_m20,43,SpecAnn-NCV,0.8961861448935777,1.0,-14803.0,-12621.000000000002,0.0065963268280029,0,True,23,15,True,102,32,0.6303401589393616,31.183853149414062,-31745.142445127545,2025-11-19 22:15:28
ba_64_1_2.txt,barabasi_albert_10ins_m20,43,SpecAnn-NCV,0.9005684993642872,1.0,-14803.0,-12995.0,0.0065743923187255,0,True,23,15,True,103,32,0.6290696859359741,31.08062744140625,-31576.287077362394,2025-11-19 22:15:28
ba_64_1_2.txt,barabasi_albert_10ins_m20,43,SpecAnn-NCV,0.9049296314052688,1.0,-14803.0,-12995.0,0.0066063404083251,0,True,23,15,True,104,32,0.6277990937232971,30.978321075439453,-31408.78146241178,2025-11-19 22:15:28
ba_64_1_2.txt,barabasi_albert_10ins_m20,43,SpecAnn-NCV,0.9092698463840684,1.0,-14803.0,-12995.0,0.0065829753875732,0,True,23,15,True,105,32,0.6265281438827515,30.876922607421875,-31242.59653121362,2025-11-19 22:15:28
ba_64_1_2.txt,barabasi_albert_10ins_m20,43,SpecAnn-NCV,0.9135894424145556,1.0,-14803.0,-12995.0,0.0065891742706298,0,True,23,15,True,106,32,0.6252569556236267,30.776416778564453,-31077.71738585012,2025-11-19 22:15:28
ba_64_1_2.txt,barabasi_albert_10ins_m20,43,SpecAnn-NCV,0.9178887105958816,1.0,-14803.0,-12995.0,0.0065894126892089,0,True,23,15,True,107,32,0.6239854097366333,30.676788330078125,-30914.117361909648,2025-11-19 22:15:28
ba_64_1_2.txt,barabasi_albert_10ins_m20,43,SpecAnn-NCV,0.922167935241408,1.0,-14803.0,-12995.0,0.0065789222717285,0,True,23,15,True,108,32,0.6227134466171265,30.578022003173828,-30751.772937814087,2025-11-19 22:15:28
ba_64_1_2.txt,barabasi_albert_10ins_m20,43,SpecAnn-NCV,0.92642739409812,1.0,-14803.0,-12995.0,0.0066466331481933,0,True,23,15,True,109,32,0.6214410662651062,30.480104446411133,-30590.665600385004,2025-11-19 22:15:28
ba_64_1_2.txt,barabasi_albert_10ins_m20,43,SpecAnn-NCV,0.9306673585570006,1.0,-14803.0,-12995.0,0.0065877437591552,0,True,23,15,True,110,32,0.620168149471283,30.38302230834961,-30430.771093306925,2025-11-19 22:15:28
ba_64_1_2.txt,barabasi_albert_10ins_m20,43,SpecAnn-NCV,0.9348880938548184,1.0,-14803.0,-12995.0,0.0065946578979492,0,True,23,15,True,111,32,0.6188948154449463,30.286762237548828,-30272.077002573893,2025-11-19 22:15:28
ba_64_1_2.txt,barabasi_albert_10ins_m20,43,SpecAnn-NCV,0.9390898592677528,1.0,-14803.0,-12995.0,0.0065984725952148,0,True,23,15,True,112,32,0.6176209449768066,30.191314697265625,-30114.56312616901,2025-11-19 22:15:28
ba_64_1_2.txt,barabasi_albert_10ins_m20,43,SpecAnn-NCV,0.9432729082972536,1.0,-14803.0,-12995.0,0.0065987110137939,0,True,23,15,True,113,32,0.6163464784622192,30.096660614013672,-29958.20281441564,2025-11-19 22:15:28
ba_64_1_2.txt,barabasi_albert_10ins_m20,43,SpecAnn-NCV,0.9474374888485204,1.0,-14803.0,-12995.0,0.006603717803955,0,True,23,15,True,114,32,0.6150714159011841,30.00279426574707,-29802.98575729034,2025-11-19 22:15:28
ba_64_1_2.txt,barabasi_albert_10ins_m20,43,SpecAnn-NCV,0.9515838434019476,1.0,-14803.0,-12995.0,0.0065762996673583,0,True,23,15,True,115,32,0.6137956976890564,29.909698486328125,-29648.88746388741,2025-11-19 22:15:28
ba_64_1_2.txt,barabasi_albert_10ins_m20,43,SpecAnn-NCV,0.9557122091778746,1.0,-14803.0,-12995.0,0.0066092014312744,0,True,23,15,True,116,32,0.6125193238258362,29.81736946105957,-29495.89969359365,2025-11-19 22:15:28
ba_64_1_2.txt,barabasi_albert_10ins_m20,43,SpecAnn-NCV,0.9598228182949629,1.0,-14803.0,-12995.0,0.006662368774414,0,True,23,15,True,117,32,0.6112422347068787,29.72578811645508,-29343.996308111164,2025-11-19 22:15:28
ba_64_1_2.txt,barabasi_albert_10ins_m20,43,SpecAnn-NCV,0.963915897922488,1.0,-14803.0,-12995.0,0.0066001415252685,0,True,23,15,True,118,32,0.6099643707275391,29.634944915771484,-29193.160751256542,2025-11-19 22:15:28
ba_64_1_2.txt,barabasi_albert_10ins_m20,43,SpecAnn-NCV,0.967991670426842,1.0,-14803.0,-12995.0,0.0066075325012207,0,True,23,15,True,119,32,0.6086857914924622,29.54483222961425,-29043.384138164536,2025-11-19 22:15:28
ba_64_1_2.txt,barabasi_albert_10ins_m20,43,SpecAnn-NCV,0.9720503535125016,1.0,-14379.000000000002,-13109.000000000002,0.0066132545471191,0,True,23,15,True,120,32,0.6074062585830688,29.45543670654297,-28894.637816835424,2025-11-19 22:15:28
ba_64_1_2.txt,barabasi_albert_10ins_m20,43,SpecAnn-NCV,0.9760921603577252,1.0,-14379.000000000002,-13109.000000000002,0.006601333618164,0,True,23,15,True,121,32,0.6061260104179382,29.366748809814453,-28746.919726487293,2025-11-19 22:15:28
ba_64_1_2.txt,barabasi_albert_10ins_m20,43,SpecAnn-NCV,0.9801172997452104,1.0,-14379.000000000002,-13109.000000000002,0.0065844058990478,0,True,23,15,True,122,32,0.604844868183136,29.27875518798828,-28600.204287925804,2025-11-19 22:15:28
ba_64_1_2.txt,barabasi_albert_10ins_m20,43,SpecAnn-NCV,0.9841259761879442,1.0,-14379.000000000002,-13109.000000000002,0.0065832138061523,0,True,23,15,True,123,32,0.6035628914833069,29.191452026367188,-28454.486664483124,2025-11-19 22:15:28
ba_64_1_2.txt,barabasi_albert_10ins_m20,43,SpecAnn-NCV,0.9881183900504562,1.0,-14379.000000000002,-13109.000000000002,0.0066008567810058,0,True,23,15,True,124,32,0.6022799611091614,29.10482406616211,-28309.742475251216,2025-11-19 22:15:28
ba_64_1_2.txt,barabasi_albert_10ins_m20,43,SpecAnn-NCV,0.9920947376656812,1.0,-14379.000000000002,-13109.000000000002,0.006622314453125,0,True,23,15,True,125,32,0.6009960770606995,29.01886558532715,-28165.96236971637,2025-11-19 22:15:28
ba_64_1_2.txt,barabasi_albert_10ins_m20,43,SpecAnn-NCV,0.9960552114476228,1.0,-14379.000000000002,-13109.000000000002,0.0065641403198242,0,True,23,15,True,126,32,0.5997112393379211,28.93356704711914,-28023.13334395587,2025-11-19 22:15:28
ba_64_1_2.txt,barabasi_albert_10ins_m20,43,SpecAnn-NCV,1.0,1.0,-14379.000000000002,-13109.000000000002,0.0065903663635253,0,True,23,15,True,127,32,0.5984253287315369,28.848915100097656,-27881.233226253484,2025-11-19 22:15:28
ba_64_1_2.txt,barabasi_albert_10ins_m20,44,SpecAnn-NCV,0.0,1.0,-14803.0,-12785.0,0.0127720832824707,0,True,28,29,True,0,32,0.8000582456588745,65.0,-83986.11433804035,2025-11-19 22:15:28
ba_64_1_2.txt,barabasi_albert_10ins_m20,44,SpecAnn-NCV,0.0887356509416113,1.0,-14803.0,-12785.0,0.0066375732421875,0,True,28,15,True,1,32,0.7888097167015076,60.13826370239258,-76611.79950771782,2025-11-19 22:15:28
ba_64_1_2.txt,barabasi_albert_10ins_m20,44,SpecAnn-NCV,0.1254911610276317,1.0,-14803.0,-12785.0,0.0066208839416503,0,True,28,15,True,2,32,0.7838965058326721,58.25138092041016,-73745.83215095157,2025-11-19 22:15:28
ba_64_1_2.txt,barabasi_albert_10ins_m20,44,SpecAnn-NCV,0.1536946558735679,1.0,-14803.0,-12785.0,0.0066220760345458,0,True,28,15,True,3,32,0.7800198197364807,56.851051330566406,-71617.08909927699,2025-11-19 22:15:28
ba_64_1_2.txt,barabasi_albert_10ins_m20,44,SpecAnn-NCV,0.1774713018832227,1.0,-14803.0,-12785.0,0.0066289901733398,0,True,28,15,True,4,32,0.7766770720481873,55.70153045654297,-69868.294057499,2025-11-19 22:15:28
ba_64_1_2.txt,barabasi_albert_10ins_m20,44,SpecAnn-NCV,0.1984189475331362,1.0,-14803.0,-12785.0,0.0066058635711669,0,True,28,15,True,5,32,0.7736740708351135,54.71164321899414,-68361.30226607781,2025-11-19 22:15:28
ba_64_1_2.txt,barabasi_albert_10ins_m20,44,SpecAnn-NCV,0.2173570668006655,1.0,-14803.0,-12785.0,0.0066390037536621,0,True,28,15,True,6,32,0.7709110975265503,53.83471298217773,-67025.3709372397,2025-11-19 22:15:28
ba_64_1_2.txt,barabasi_albert_10ins_m20,44,SpecAnn-NCV,0.2347724648169381,1.0,-14687.0,-12985.000000000002,0.0066194534301757,0,True,28,15,True,7,32,0.7683293223381042,53.043060302734375,-65818.57980207965,2025-11-19 22:15:28
ba_64_1_2.txt,barabasi_albert_10ins_m20,44,SpecAnn-NCV,0.2509823220552634,1.0,-14687.0,-12985.000000000002,0.006606101989746,0,True,28,15,True,8,32,0.7658901214599609,52.318660736083984,-64713.60786263769,2025-11-19 22:15:28
ba_64_1_2.txt,barabasi_albert_10ins_m20,44,SpecAnn-NCV,0.2662069528248341,1.0,-14687.0,-12985.000000000002,0.0066039562225341,0,True,28,15,True,9,32,0.7635669708251953,51.64904022216797,-63691.56441937819,2025-11-19 22:15:28
ba_64_1_2.txt,barabasi_albert_10ins_m20,44,SpecAnn-NCV,0.2806067666331568,1.0,-14687.0,-12985.000000000002,0.0066316127777099,0,True,28,15,True,10,32,0.7613402605056763,51.02510833740234,-62738.66287739413,2025-11-19 22:15:28
ba_64_1_2.txt,barabasi_albert_10ins_m20,44,SpecAnn-NCV,0.2943028597012718,1.0,-14687.0,-12985.000000000002,0.0066056251525878,0,True,28,15,True,11,32,0.7591955661773682,50.44002151489258,-61844.55271757596,2025-11-19 22:15:28
ba_64_1_2.txt,barabasi_albert_10ins_m20,44,SpecAnn-NCV,0.3073893117471359,1.0,-14687.0,-12985.000000000002,0.0065863132476806,0,True,28,15,True,12,32,0.7571213841438293,49.88847351074219,-61001.18263940056,2025-11-19 22:15:28
ba_64_1_2.txt,barabasi_albert_10ins_m20,44,SpecAnn-NCV,0.3199409394316542,1.0,-14687.0,-12985.000000000002,0.0066494941711425,0,True,28,15,True,13,32,0.7551087737083435,49.366249084472656,-60202.1738111422,2025-11-19 22:15:28
ba_64_1_2.txt,barabasi_albert_10ins_m20,44,SpecAnn-NCV,0.3320184038158743,1.0,-14687.0,-12985.000000000002,0.0066285133361816,0,True,28,15,True,14,32,0.7531504034996033,48.86992645263672,-59442.34379528084,2025-11-19 22:15:28
ba_64_1_2.txt,barabasi_albert_10ins_m20,44,SpecAnn-NCV,0.3436716983117353,1.0,-14687.0,-13065.0,0.0065734386444091,0,True,28,15,True,15,32,0.7512402534484863,48.396705627441406,-58717.44874363385,2025-11-19 22:15:28
ba_64_1_2.txt,barabasi_albert_10ins_m20,44,SpecAnn-NCV,0.3549426037664455,1.0,-14687.0,-13065.0,0.0066051483154296,0,True,28,15,True,16,32,0.749373197555542,47.94424057006836,-58023.92810948829,2025-11-19 22:15:28
ba_64_1_2.txt,barabasi_albert_10ins_m20,44,SpecAnn-NCV,0.3658664615902029,1.0,-14687.0,-13065.0,0.006575584411621,0,True,28,15,True,17,32,0.7475451827049255,47.51054763793945,-57358.793838279445,2025-11-19 22:15:28
ba_64_1_2.txt,barabasi_albert_10ins_m20,44,SpecAnn-NCV,0.3764734830828951,1.0,-14687.0,-13065.0,0.0065939426422119,0,True,28,15,True,18,32,0.7457524538040161,47.09394836425781,-56719.49049642331,2025-11-19 22:15:28
ba_64_1_2.txt,barabasi_albert_10ins_m20,44,SpecAnn-NCV,0.3867897351437838,1.0,-14687.0,-13065.0,0.0066187381744384,0,True,28,15,True,19,32,0.7439919710159302,46.69297409057617,-56103.80448938329,2025-11-19 22:15:28
ba_64_1_2.txt,barabasi_albert_10ins_m20,44,SpecAnn-NCV,0.3968378950662725,1.0,-14687.0,-13065.0,0.0066046714782714,0,True,28,15,True,20,32,0.7422609329223633,46.30636978149414,-55509.825913329536,2025-11-19 22:15:28
ba_64_1_2.txt,barabasi_albert_10ins_m20,44,SpecAnn-NCV,0.4066378372811136,1.0,-14609.000000000002,-13433.000000000002,0.0066215991973876,0,True,28,15,True,21,32,0.7405570149421692,45.93302154541016,-54935.87443655341,2025-11-19 22:15:28
ba_64_1_2.txt,barabasi_albert_10ins_m20,44,SpecAnn-NCV,0.4162070956347247,1.0,-14609.000000000002,-13433.000000000002,0.0065937042236328,0,True,28,15,True,22,32,0.7388780117034912,45.57196044921875,-54380.47303473046,2025-11-19 22:15:28
ba_64_1_2.txt,barabasi_albert_10ins_m20,44,SpecAnn-NCV,0.4255612320274539,1.0,-14609.000000000002,-13433.000000000002,0.0065886974334716,0,True,28,15,True,23,32,0.7372221946716309,45.22232055664063,-53842.32093039063,2025-11-19 22:15:28
ba_64_1_2.txt,barabasi_albert_10ins_m20,44,SpecAnn-NCV,0.434714133601331,1.0,-14609.000000000002,-13433.000000000002,0.0066058635711669,0,True,28,15,True,24,32,0.7355878353118896,44.883331298828125,-53320.246506381554,2025-11-19 22:15:28
ba_64_1_2.txt,barabasi_albert_10ins_m20,44,SpecAnn-NCV,0.4436782547080569,1.0,-14609.000000000002,-13433.000000000002,0.0066168308258056,0,True,28,15,True,25,32,0.733973503112793,44.55430603027344,-52813.21332241576,2025-11-19 22:15:28
ba_64_1_2.txt,barabasi_albert_10ins_m20,44,SpecAnn-NCV,0.4524648157026343,1.0,-14609.000000000002,-13433.000000000002,0.0066115856170654,0,True,28,15,True,26,32,0.732377827167511,44.234619140625,-52320.27361664623,2025-11-19 22:15:28
ba_64_1_2.txt,barabasi_albert_10ins_m20,44,SpecAnn-NCV,0.4610839676207039,1.0,-14609.000000000002,-13433.000000000002,0.0066211223602294,0,True,28,15,True,27,32,0.7307994365692139,43.92371368408203,-51840.57171795271,2025-11-19 22:15:28
ba_64_1_2.txt,barabasi_albert_10ins_m20,44,SpecAnn-NCV,0.4695449296338763,1.0,-14609.000000000002,-13433.000000000002,0.0066397190093994,0,True,28,15,True,28,32,0.7292374968528748,43.6210823059082,-51373.358126299565,2025-11-19 22:15:28
ba_64_1_2.txt,barabasi_albert_10ins_m20,44,SpecAnn-NCV,0.4778561045889373,1.0,-14609.000000000002,-13433.000000000002,0.0066025257110595,0,True,28,15,True,29,32,0.7276909351348877,43.326263427734375,-50917.92857665005,2025-11-19 22:15:28
ba_64_1_2.txt,barabasi_albert_10ins_m20,44,SpecAnn-NCV,0.4860251767562508,1.0,-14609.000000000002,-13433.000000000002,0.0066010951995849,0,True,28,15,True,30,32,0.7261587381362915,43.0388298034668,-50473.63108063112,2025-11-19 22:15:28
ba_64_1_2.txt,barabasi_albert_10ins_m20,44,SpecAnn-NCV,0.4940591950252281,1.0,-14609.000000000002,-13433.000000000002,0.0066230297088623,0,True,28,15,True,31,32,0.7246401906013489,42.75839614868164,-50039.890521006666,2025-11-19 22:15:28
ba_64_1_2.txt,barabasi_albert_10ins_m20,44,SpecAnn-NCV,0.5019646441105269,1.0,-14609.000000000002,-13433.000000000002,0.0066068172454833,0,True,28,15,True,32,32,0.7231343388557434,42.48461151123047,-49616.16155259755,2025-11-19 22:15:28
ba_64_1_2.txt,barabasi_albert_10ins_m20,44,SpecAnn-NCV,0.5097475058154177,1.0,-14609.000000000002,-13433.000000000002,0.0065946578979492,0,True,28,15,True,33,32,0.7216404676437378,42.21714782714844,-49201.94771541766,2025-11-19 22:15:28
ba_64_1_2.txt,barabasi_albert_10ins_m20,44,SpecAnn-NCV,0.51741331199832,1.0,-14609.000000000002,-13433.000000000002,0.0066101551055908,0,True,28,15,True,34,32,0.7201582193374634,41.95569610595703,-48796.80412894856,2025-11-19 22:15:28
ba_64_1_2.txt,barabasi_albert_10ins_m20,44,SpecAnn-NCV,0.5249671905758515,1.0,-14609.000000000002,-13433.000000000002,0.0066101551055908,0,True,28,15,True,35,32,0.7186867594718933,41.69998550415039,-48400.30233498447,2025-11-19 22:15:28
ba_64_1_2.txt,barabasi_albert_10ins_m20,44,SpecAnn-NCV,0.5324139056496683,1.0,-14609.000000000002,-13433.000000000002,0.0066008567810058,0,True,28,15,True,36,32,0.7172254920005798,41.44974899291992,-48012.03883281726,2025-11-19 22:15:28
ba_64_1_2.txt,barabasi_albert_10ins_m20,44,SpecAnn-NCV,0.5397578926492556,1.0,-14609.000000000002,-13433.000000000002,0.0066092014312744,0,True,28,15,True,37,32,0.7157739996910095,41.20475006103516,-47631.66134329064,2025-11-19 22:15:28
ba_64_1_2.txt,barabasi_albert_10ins_m20,44,SpecAnn-NCV,0.5470032892270364,1.0,-14609.000000000002,-13433.000000000002,0.0065891742706298,0,True,28,15,True,38,32,0.7143316864967346,40.96476745605469,-47258.826749485605,2025-11-19 22:15:28
ba_64_1_2.txt,barabasi_albert_10ins_m20,44,SpecAnn-NCV,0.554153962516942,1.0,-14609.000000000002,-13433.000000000002,0.0065927505493164,0,True,28,15,True,39,32,0.7128981947898865,40.72957611083984,-46893.20667361964,2025-11-19 22:15:28
ba_64_1_2.txt,barabasi_albert_10ins_m20,44,SpecAnn-NCV,0.5612135332663137,1.0,-14609.000000000002,-13433.000000000002,0.0066158771514892,0,True,28,15,True,40,32,0.7114729881286621,40.49899673461914,-46534.51669013274,2025-11-19 22:15:28
ba_64_1_2.txt,barabasi_albert_10ins_m20,44,SpecAnn-NCV,0.5681853972686127,1.0,-14609.000000000002,-13433.000000000002,0.0066297054290771,0,True,28,15,True,41,32,0.7100557088851929,40.27284240722656,-46182.478087820135,2025-11-19 22:15:28
ba_64_1_2.txt,barabasi_albert_10ins_m20,44,SpecAnn-NCV,0.5750727444570146,1.0,-14609.000000000002,-13433.000000000002,0.0066301822662353,0,True,28,15,True,42,32,0.7086459994316101,40.050926208496094,-45836.81473935793,2025-11-19 22:15:28
ba_64_1_2.txt,barabasi_albert_10ins_m20,44,SpecAnn-NCV,0.5818785759635375,1.0,-14609.000000000002,-13433.000000000002,0.0066573619842529,0,True,28,15,True,43,32,0.7072434425354004,39.833106994628906,-45497.30150418609,2025-11-19 22:15:28
ba_64_1_2.txt,barabasi_albert_10ins_m20,44,SpecAnn-NCV,0.5886057194025436,1.0,-14609.000000000002,-13433.000000000002,0.0066173076629638,0,True,28,15,True,44,32,0.7058477997779846,39.61921691894531,-45163.69640223026,2025-11-19 22:15:28
ba_64_1_2.txt,barabasi_albert_10ins_m20,44,SpecAnn-NCV,0.5952568425994088,1.0,-14609.000000000002,-13433.000000000002,0.0066168308258056,0,True,28,15,True,45,32,0.7044587731361389,39.409122467041016,-44835.794832558255,2025-11-19 22:15:28
ba_64_1_2.txt,barabasi_albert_10ins_m20,44,SpecAnn-NCV,0.6018344659534288,1.0,-14609.000000000002,-13433.000000000002,0.0066220760345458,0,True,28,15,True,46,32,0.7030758857727051,39.20268249511719,-44513.37406267183,2025-11-19 22:15:28
ba_64_1_2.txt,barabasi_albert_10ins_m20,44,SpecAnn-NCV,0.6083409735974393,1.0,-14609.000000000002,-13433.000000000002,0.0066175460815429,0,True,28,15,True,47,32,0.701698899269104,38.99977111816406,-44196.24579156079,2025-11-19 22:15:28
ba_64_1_2.txt,barabasi_albert_10ins_m20,44,SpecAnn-NCV,0.6147786234942719,1.0,-14609.000000000002,-13433.000000000002,0.0066008567810058,0,True,28,15,True,48,32,0.7003276348114014,38.80026626586914,-43884.23140700642,2025-11-19 22:15:28
ba_64_1_2.txt,barabasi_albert_10ins_m20,44,SpecAnn-NCV,0.6211495565912796,1.0,-14609.000000000002,-13433.000000000002,0.0066094398498535,0,True,28,15,True,49,32,0.6989617347717285,38.60405731201172,-43577.15557186997,2025-11-19 22:15:28
ba_64_1_2.txt,barabasi_albert_10ins_m20,44,SpecAnn-NCV,0.6274558051381586,1.0,-14609.000000000002,-13433.000000000002,0.006603717803955,0,True,28,15,True,50,32,0.6976011395454407,38.41102981567383,-43274.85874540266,2025-11-19 22:15:28
ba_64_1_2.txt,barabasi_albert_10ins_m20,44,SpecAnn-NCV,0.6336993002596786,1.0,-14609.000000000002,-13433.000000000002,0.006570816040039,0,True,28,15,True,51,32,0.6962454319000244,38.22108459472656,-42977.17771541857,2025-11-19 22:15:28
ba_64_1_2.txt,barabasi_albert_10ins_m20,44,SpecAnn-NCV,0.6398818788633085,1.0,-14609.000000000002,-13353.0,0.0066144466400146,0,True,28,15,True,52,32,0.6948944330215454,38.03412628173828,-42683.96972809968,2025-11-19 22:15:28
ba_64_1_2.txt,barabasi_albert_10ins_m20,44,SpecAnn-NCV,0.6460052899517691,1.0,-14609.000000000002,-13353.0,0.0066006183624267,0,True,28,15,True,53,32,0.6935480237007141,37.85005187988281,-42395.08831539349,2025-11-19 22:15:28
ba_64_1_2.txt,barabasi_albert_10ins_m20,44,SpecAnn-NCV,0.6520712004019966,1.0,-14609.000000000002,-13353.0,0.0066034793853759,0,True,28,15,True,54,32,0.6922059059143066,37.66877746582031,-42110.3986221163,2025-11-19 22:15:28
ba_64_1_2.txt,barabasi_albert_10ins_m20,44,SpecAnn-NCV,0.6580812002646271,1.0,-14609.000000000002,-13353.0,0.0065920352935791,0,True,28,15,True,55,32,0.6908679008483887,37.4902229309082,-41829.7784640627,2025-11-19 22:15:28
ba_64_1_2.txt,barabasi_albert_10ins_m20,44,SpecAnn-NCV,0.6640368076317485,1.0,-14609.000000000002,-13353.0,0.0065798759460449,0,True,28,15,True,56,32,0.6895338296890259,37.31430816650391,-41553.10666677718,2025-11-19 22:15:28
ba_64_1_2.txt,barabasi_albert_10ins_m20,44,SpecAnn-NCV,0.6699394731151429,1.0,-14609.000000000002,-13353.0,0.0066297054290771,0,True,28,15,True,57,32,0.6882035136222839,37.14094924926758,-41280.2588127698,2025-11-19 22:15:28
ba_64_1_2.txt,barabasi_albert_10ins_m20,44,SpecAnn-NCV,0.6757905839724513,1.0,-14803.0,-13121.0,0.0066592693328857,0,True,28,15,True,58,32,0.6868767738342285,36.9700813293457,-41011.13265990239,2025-11-19 22:15:28
ba_64_1_2.txt,barabasi_albert_10ins_m20,44,SpecAnn-NCV,0.6815914679145113,1.0,-14803.0,-13121.0,0.0066173076629638,0,True,28,15,True,59,32,0.6855534315109253,36.80162811279297,-40745.614137231365,2025-11-19 22:15:28
ba_64_1_2.txt,barabasi_albert_10ins_m20,44,SpecAnn-NCV,0.6873433966234707,1.0,-14803.0,-13121.0,0.0065798759460449,0,True,28,15,True,60,32,0.6842334866523743,36.63552474975586,-40483.61332830666,2025-11-19 22:15:28
ba_64_1_2.txt,barabasi_albert_10ins_m20,44,SpecAnn-NCV,0.6930475890080863,1.0,-14803.0,-13121.0,0.0065674781799316,0,True,28,15,True,61,32,0.6829166412353516,36.47170639038086,-40225.0233936089,2025-11-19 22:15:28
ba_64_1_2.txt,barabasi_albert_10ins_m20,44,SpecAnn-NCV,0.6987052142198116,1.0,-14803.0,-13121.0,0.0065822601318359,0,True,28,15,True,62,32,0.6816027164459229,36.31011199951172,-39969.74962191646,2025-11-19 22:15:28
ba_64_1_2.txt,barabasi_albert_10ins_m20,44,SpecAnn-NCV,0.7043173944508145,1.0,-14803.0,-13121.0,0.0066063404083251,0,True,28,15,True,63,32,0.6802917718887329,36.15068435668945,-39717.71618234414,2025-11-19 22:15:28
ba_64_1_2.txt,barabasi_albert_10ins_m20,44,SpecAnn-NCV,0.709885207532891,1.0,-14803.0,-13121.0,0.0066103935241699,0,True,28,15,True,64,32,0.6789835095405579,35.99336242675781,-39468.82275820671,2025-11-19 22:15:28
ba_64_1_2.txt,barabasi_albert_10ins_m20,44,SpecAnn-NCV,0.7154096893543218,1.0,-14803.0,-13121.0,0.0066018104553222,0,True,28,15,True,65,32,0.6776778101921082,35.838096618652344,-39222.99278334015,2025-11-19 22:15:28
ba_64_1_2.txt,barabasi_albert_10ins_m20,44,SpecAnn-NCV,0.7208918361100219,1.0,-14803.0,-13121.0,0.0066311359405517,0,True,28,15,True,66,32,0.6763745546340942,35.684837341308594,-38980.15028172708,2025-11-19 22:15:28
ba_64_1_2.txt,barabasi_albert_10ins_m20,44,SpecAnn-NCV,0.7263326063988248,1.0,-14803.0,-13121.0,0.0066156387329101,0,True,28,15,True,67,32,0.6750736832618713,35.53352355957031,-38740.21080524005,2025-11-19 22:15:28
ba_64_1_2.txt,barabasi_albert_10ins_m20,44,SpecAnn-NCV,0.7317329231804058,1.0,-14803.0,-13121.0,0.0065846443176269,0,True,28,15,True,68,32,0.6737751364707947,35.384117126464844,-38503.11542843863,2025-11-19 22:15:28
ba_64_1_2.txt,barabasi_albert_10ins_m20,44,SpecAnn-NCV,0.7370936756031579,1.0,-14803.0,-13121.0,0.0066113471984863,0,True,28,15,True,69,32,0.6724786162376404,35.236572265625,-38268.78379340437,2025-11-19 22:15:28
ba_64_1_2.txt,barabasi_albert_10ins_m20,44,SpecAnn-NCV,0.7424157207132704,1.0,-14803.0,-13121.0,0.006601333618164,0,True,28,15,True,70,32,0.6711841821670532,35.09083557128906,-38037.14824577582,2025-11-19 22:15:28
ba_64_1_2.txt,barabasi_albert_10ins_m20,44,SpecAnn-NCV,0.7476998850543153,1.0,-14803.0,-13121.0,0.0066163539886474,0,True,28,15,True,71,32,0.6698917150497437,34.946868896484375,-37808.14797420541,2025-11-19 22:15:28
ba_64_1_2.txt,barabasi_albert_10ins_m20,44,SpecAnn-NCV,0.7529469661657903,1.0,-14803.0,-13121.0,0.0066020488739013,0,True,28,15,True,72,32,0.6686009168624878,34.80463409423828,-37581.71258035085,2025-11-19 22:15:28
ba_64_1_2.txt,barabasi_albert_10ins_m20,44,SpecAnn-NCV,0.7581577339883167,1.0,-14803.0,-13121.0,0.0066561698913574,0,True,28,15,True,73,32,0.6673120260238647,34.66408920288086,-37357.798207937936,2025-11-19 22:15:28
ba_64_1_2.txt,barabasi_albert_10ins_m20,44,SpecAnn-NCV,0.7633329321824984,1.0,-14803.0,-13121.0,0.0066540241241455,0,True,28,15,True,74,32,0.6660247445106506,34.52519226074219,-37136.33125274669,2025-11-19 22:15:28
ba_64_1_2.txt,barabasi_albert_10ins_m20,44,SpecAnn-NCV,0.7684732793678399,1.0,-14803.0,-13121.0,0.0066218376159667,0,True,28,15,True,75,32,0.6647389531135559,34.38791275024414,-36917.26097099251,2025-11-19 22:15:28
ba_64_1_2.txt,barabasi_albert_10ins_m20,44,SpecAnn-NCV,0.7735794702875677,1.0,-14803.0,-13121.0,0.0066080093383789,0,True,28,15,True,76,32,0.6634545922279358,34.25220489501953,-36700.52394992561,2025-11-19 22:15:28
ba_64_1_2.txt,barabasi_albert_10ins_m20,44,SpecAnn-NCV,0.7786521769046981,1.0,-14803.0,-13121.0,0.0066137313842773,0,True,28,15,True,77,32,0.6621716022491455,34.1180419921875,-36486.07762848624,2025-11-19 22:15:28
ba_64_1_2.txt,barabasi_albert_10ins_m20,44,SpecAnn-NCV,0.7836920494342511,1.0,-14803.0,-13121.0,0.0066144466400146,0,True,28,15,True,78,32,0.6608899831771851,33.98539352416992,-36273.87893945076,2025-11-19 22:15:28
ba_64_1_2.txt,barabasi_albert_10ins_m20,44,SpecAnn-NCV,0.788699717316095,1.0,-14803.0,-13121.0,0.0066514015197753,0,True,28,15,True,79,32,0.6596095561981201,33.854217529296875,-36063.86312089362,2025-11-19 22:15:28
ba_64_1_2.txt,barabasi_albert_10ins_m20,44,SpecAnn-NCV,0.7936757901325451,1.0,-14803.0,-13121.0,0.0066125392913818,0,True,28,15,True,80,32,0.6583302617073059,33.724491119384766,-35855.992699281014,2025-11-19 22:15:28
ba_64_1_2.txt,barabasi_albert_10ins_m20,44,SpecAnn-NCV,0.7986208584745024,1.0,-14803.0,-13121.0,0.006591796875,0,True,28,15,True,81,32,0.6570519804954529,33.5961799621582,-35650.21507866658,2025-11-19 22:15:28
ba_64_1_2.txt,barabasi_albert_10ins_m20,44,SpecAnn-NCV,0.803535494759617,1.0,-14803.0,-13121.0,0.0066473484039306,0,True,28,15,True,82,32,0.6557747721672058,33.46925354003906,-35446.49176544329,2025-11-19 22:15:28
ba_64_1_2.txt,barabasi_albert_10ins_m20,44,SpecAnn-NCV,0.8084202540056837,1.0,-14803.0,-13121.0,0.0066170692443847,0,True,28,15,True,83,32,0.6544984579086304,33.34368896484375,-35244.77970868753,2025-11-19 22:15:28
ba_64_1_2.txt,barabasi_albert_10ins_m20,44,SpecAnn-NCV,0.8132756745622272,1.0,-14803.0,-13121.0,0.0066108703613281,0,True,28,15,True,84,32,0.653222918510437,33.219451904296875,-35045.02732865067,2025-11-19 22:15:28
ba_64_1_2.txt,barabasi_albert_10ins_m20,44,SpecAnn-NCV,0.8181022788030096,1.0,-14803.0,-13121.0,0.0066883563995361,0,True,28,15,True,85,32,0.6519482135772705,33.09651565551758,-34847.201025453665,2025-11-19 22:15:28
ba_64_1_2.txt,barabasi_albert_10ins_m20,44,SpecAnn-NCV,0.822900573781978,1.0,-14803.0,-13121.0,0.0066225528717041,0,True,28,15,True,86,32,0.6506742238998413,32.97486114501953,-34651.2658767411,2025-11-19 22:15:28
ba_64_1_2.txt,barabasi_albert_10ins_m20,44,SpecAnn-NCV,0.8276710518549868,1.0,-14803.0,-13121.0,0.0065729618072509,0,True,28,15,True,87,32,0.6494008898735046,32.854461669921875,-34457.18238129098,2025-11-19 22:15:28
ba_64_1_2.txt,barabasi_albert_10ins_m20,44,SpecAnn-NCV,0.8324141912694495,1.0,-14803.0,-13121.0,0.0066683292388916,0,True,28,15,True,88,32,0.648128092288971,32.73529052734375,-34264.90816102023,2025-11-19 22:15:28
ba_64_1_2.txt,barabasi_albert_10ins_m20,44,SpecAnn-NCV,0.8371304567239225,1.0,-14803.0,-13121.0,0.0065851211547851,0,True,28,15,True,89,32,0.646855890750885,32.6173210144043,-34074.41057546828,2025-11-19 22:15:28
ba_64_1_2.txt,barabasi_albert_10ins_m20,44,SpecAnn-NCV,0.8418202998994706,1.0,-14803.0,-13121.0,0.0065946578979492,0,True,28,15,True,90,32,0.6455841660499573,32.50053787231445,-33885.65971113418,2025-11-19 22:15:28
ba_64_1_2.txt,barabasi_albert_10ins_m20,44,SpecAnn-NCV,0.846484159964536,1.0,-14803.0,-12621.000000000002,0.0066115856170654,0,True,28,15,True,91,32,0.644312858581543,32.384910583496094,-33698.61311543045,2025-11-19 22:15:28
ba_64_1_2.txt,barabasi_albert_10ins_m20,44,SpecAnn-NCV,0.8511224640549078,1.0,-14803.0,-12621.000000000002,0.0065853595733642,0,True,28,15,True,92,32,0.6430418491363525,32.27042770385742,-33513.245337521774,2025-11-19 22:15:28
ba_64_1_2.txt,barabasi_albert_10ins_m20,44,SpecAnn-NCV,0.8557356277302758,1.0,-14803.0,-12621.000000000002,0.0066056251525878,0,True,28,15,True,93,32,0.641771137714386,32.15705871582031,-33329.51753452451,2025-11-19 22:15:28
ba_64_1_2.txt,barabasi_albert_10ins_m20,44,SpecAnn-NCV,0.8603240554087516,1.0,-14803.0,-12621.000000000002,0.0065705776214599,0,True,28,15,True,94,32,0.6405007243156433,32.04478454589844,-33147.40295518149,2025-11-19 22:15:28
ba_64_1_2.txt,barabasi_albert_10ins_m20,44,SpecAnn-NCV,0.86488814078064,1.0,-14803.0,-12621.000000000002,0.0065972805023193,0,True,28,15,True,95,32,0.639230489730835,31.93359375,-32966.87673626002,2025-11-19 22:15:29
ba_64_1_2.txt,barabasi_albert_10ins_m20,44,SpecAnn-NCV,0.8694282672026621,1.0,-14803.0,-12621.000000000002,0.0065977573394775,0,True,28,15,True,96,32,0.6379603743553162,31.823457717895508,-32787.89957336755,2025-11-19 22:15:29
ba_64_1_2.txt,barabasi_albert_10ins_m20,44,SpecAnn-NCV,0.8739448080737451,1.0,-14803.0,-12621.000000000002,0.006620168685913,0,True,28,15,True,97,32,0.6366903781890869,31.71436309814453,-32610.45118349862,2025-11-19 22:15:29
ba_64_1_2.txt,barabasi_albert_10ins_m20,44,SpecAnn-NCV,0.878438127193422,1.0,-14803.0,-12621.000000000002,0.0066125392913818,0,True,28,15,True,98,32,0.6354204416275024,31.60628700256348,-32434.498565279777,2025-11-19 22:15:29
ba_64_1_2.txt,barabasi_albert_10ins_m20,44,SpecAnn-NCV,0.8829085791038153,1.0,-14803.0,-12621.000000000002,0.0070803165435791,0,True,28,15,True,99,32,0.634150505065918,31.499217987060547,-32260.02066801657,2025-11-19 22:15:29
ba_64_1_2.txt,barabasi_albert_10ins_m20,44,SpecAnn-NCV,0.8873565094161138,1.0,-14803.0,-12621.000000000002,0.0066287517547607,0,True,28,15,True,100,32,0.632880449295044,31.39313125610352,-32086.97990783785,2025-11-19 22:15:29
ba_64_1_2.txt,barabasi_albert_10ins_m20,44,SpecAnn-NCV,0.8917822551223932,1.0,-14803.0,-12621.000000000002,0.0065762996673583,0,True,28,15,True,101,32,0.6316103935241699,31.288015365600582,-31915.36465171648,2025-11-19 22:15:29
ba_64_1_2.txt,barabasi_albert_10ins_m20,44,SpecAnn-NCV,0.8961861448935777,1.0,-14803.0,-12621.000000000002,0.0065851211547851,0,True,28,15,True,102,32,0.6303401589393616,31.183853149414062,-31745.142445127545,2025-11-19 22:15:29
ba_64_1_2.txt,barabasi_albert_10ins_m20,44,SpecAnn-NCV,0.9005684993642872,1.0,-14007.000000000004,-12995.0,0.0066301822662353,0,True,28,15,True,103,32,0.6290696859359741,31.08062744140625,-31576.287077362394,2025-11-19 22:15:29
ba_64_1_2.txt,barabasi_albert_10ins_m20,44,SpecAnn-NCV,0.9049296314052688,1.0,-14007.000000000004,-12995.0,0.0066781044006347,0,True,28,15,True,104,32,0.6277990937232971,30.978321075439453,-31408.78146241178,2025-11-19 22:15:29
ba_64_1_2.txt,barabasi_albert_10ins_m20,44,SpecAnn-NCV,0.9092698463840684,1.0,-14007.000000000004,-12995.0,0.006645917892456,0,True,28,15,True,105,32,0.6265281438827515,30.876922607421875,-31242.59653121362,2025-11-19 22:15:29
ba_64_1_2.txt,barabasi_albert_10ins_m20,44,SpecAnn-NCV,0.9135894424145556,1.0,-14007.000000000004,-12995.0,0.0066094398498535,0,True,28,15,True,106,32,0.6252569556236267,30.776416778564453,-31077.71738585012,2025-11-19 22:15:29
ba_64_1_2.txt,barabasi_albert_10ins_m20,44,SpecAnn-NCV,0.9178887105958816,1.0,-14007.000000000004,-12995.0,0.0065836906433105,0,True,28,15,True,107,32,0.6239854097366333,30.676788330078125,-30914.117361909648,2025-11-19 22:15:29
ba_64_1_2.txt,barabasi_albert_10ins_m20,44,SpecAnn-NCV,0.922167935241408,1.0,-14007.000000000004,-12995.0,0.0065960884094238,0,True,28,15,True,108,32,0.6227133870124817,30.578022003173828,-30751.76999432778,2025-11-19 22:15:29
ba_64_1_2.txt,barabasi_albert_10ins_m20,44,SpecAnn-NCV,0.92642739409812,1.0,-14007.000000000004,-12995.0,0.0065743923187255,0,True,28,15,True,109,32,0.6214410066604614,30.480104446411133,-30590.66266632439,2025-11-19 22:15:29
ba_64_1_2.txt,barabasi_albert_10ins_m20,44,SpecAnn-NCV,0.9306673585570006,1.0,-14007.000000000004,-12995.0,0.0065903663635253,0,True,28,15,True,110,32,0.6201682090759277,30.38302230834961,-30430.774018022268,2025-11-19 22:15:29
ba_64_1_2.txt,barabasi_albert_10ins_m20,44,SpecAnn-NCV,0.9348880938548184,1.0,-14007.000000000004,-12995.0,0.0065891742706298,0,True,28,15,True,111,32,0.6188948154449463,30.286762237548828,-30272.077002573893,2025-11-19 22:15:29
ba_64_1_2.txt,barabasi_albert_10ins_m20,44,SpecAnn-NCV,0.9390898592677528,1.0,-14007.000000000004,-12995.0,0.0065615177154541,0,True,28,15,True,112,32,0.6176209449768066,30.191314697265625,-30114.56312616901,2025-11-19 22:15:29
ba_64_1_2.txt,barabasi_albert_10ins_m20,44,SpecAnn-NCV,0.9432729082972536,1.0,-14007.000000000004,-12995.0,0.0065689086914062,0,True,28,15,True,113,32,0.6163464188575745,30.096660614013672,-29958.1999172659,2025-11-19 22:15:29
ba_64_1_2.txt,barabasi_albert_10ins_m20,44,SpecAnn-NCV,0.9474374888485204,1.0,-14007.000000000004,-12995.0,0.0065581798553466,0,True,28,15,True,114,32,0.6150714159011841,30.00279426574707,-29802.98575729034,2025-11-19 22:15:29
ba_64_1_2.txt,barabasi_albert_10ins_m20,44,SpecAnn-NCV,0.9515838434019476,1.0,-14007.000000000004,-12995.0,0.0065455436706542,0,True,28,15,True,115,32,0.6137956976890564,29.909698486328125,-29648.88746388741,2025-11-19 22:15:29
ba_64_1_2.txt,barabasi_albert_10ins_m20,44,SpecAnn-NCV,0.9557122091778746,1.0,-14007.000000000004,-12995.0,0.0066089630126953,0,True,28,15,True,116,32,0.6125193238258362,29.81736946105957,-29495.89969359365,2025-11-19 22:15:29
ba_64_1_2.txt,barabasi_albert_10ins_m20,44,SpecAnn-NCV,0.9598228182949629,1.0,-14007.000000000004,-12995.0,0.0065646171569824,0,True,28,15,True,117,32,0.6112422347068787,29.72578811645508,-29343.996308111164,2025-11-19 22:15:29
ba_64_1_2.txt,barabasi_albert_10ins_m20,44,SpecAnn-NCV,0.963915897922488,1.0,-14007.000000000004,-12995.0,0.006629467010498,0,True,28,15,True,118,32,0.6099643707275391,29.634944915771484,-29193.160751256542,2025-11-19 22:15:29
ba_64_1_2.txt,barabasi_albert_10ins_m20,44,SpecAnn-NCV,0.967991670426842,1.0,-14007.000000000004,-12995.0,0.0066413879394531,0,True,28,15,True,119,32,0.6086857318878174,29.54483222961425,-29043.38129413463,2025-11-19 22:15:29
ba_64_1_2.txt,barabasi_albert_10ins_m20,44,SpecAnn-NCV,0.9720503535125016,1.0,-14469.000000000004,-13109.000000000002,0.0065565109252929,0,True,28,15,True,120,32,0.6074063181877136,29.45543670654297,-28894.640652259983,2025-11-19 22:15:29
ba_64_1_2.txt,barabasi_albert_10ins_m20,44,SpecAnn-NCV,0.9760921603577252,1.0,-14469.000000000004,-13109.000000000002,0.0065798759460449,0,True,28,15,True,121,32,0.606126070022583,29.366748809814453,-28746.92255337462,2025-11-19 22:15:29
ba_64_1_2.txt,barabasi_albert_10ins_m20,44,SpecAnn-NCV,0.9801172997452104,1.0,-14469.000000000004,-13109.000000000002,0.0065803527832031,0,True,28,15,True,122,32,0.6048449277877808,29.27875518798828,-28600.207106342736,2025-11-19 22:15:29
ba_64_1_2.txt,barabasi_albert_10ins_m20,44,SpecAnn-NCV,0.9841259761879442,1.0,-14469.000000000004,-13109.000000000002,0.0065481662750244,0,True,28,15,True,123,32,0.6035629510879517,29.191452026367188,-28454.48947449612,2025-11-19 22:15:29
ba_64_1_2.txt,barabasi_albert_10ins_m20,44,SpecAnn-NCV,0.9881183900504562,1.0,-14469.000000000004,-13109.000000000002,0.0065829753875732,0,True,28,15,True,124,32,0.6022799611091614,29.10482406616211,-28309.742475251216,2025-11-19 22:15:29
ba_64_1_2.txt,barabasi_albert_10ins_m20,44,SpecAnn-NCV,0.9920947376656812,1.0,-14469.000000000004,-13109.000000000002,0.0065515041351318,0,True,28,15,True,125,32,0.6009960770606995,29.01886558532715,-28165.96236971637,2025-11-19 22:15:29
ba_64_1_2.txt,barabasi_albert_10ins_m20,44,SpecAnn-NCV,0.9960552114476228,1.0,-14469.000000000004,-13109.000000000002,0.0065639019012451,0,True,28,15,True,126,32,0.5997112393379211,28.93356704711914,-28023.13334395587,2025-11-19 22:15:29
ba_64_1_2.txt,barabasi_albert_10ins_m20,44,SpecAnn-NCV,1.0,1.0,-14469.000000000004,-13109.000000000002,0.0065877437591552,0,True,28,15,True,127,32,0.5984253883361816,28.848915100097656,-27881.23600329336,2025-11-19 22:15:29
ba_64_1_2.txt,barabasi_albert_10ins_m20,45,SpecAnn-NCV,0.0,1.0,-14601.000000000002,-12785.0,0.0130884647369384,0,True,26,29,True,0,32,0.800058126449585,65.0,-83986.10182404518,2025-11-19 22:15:29
ba_64_1_2.txt,barabasi_albert_10ins_m20,45,SpecAnn-NCV,0.0887356509416113,1.0,-14601.000000000002,-12785.0,0.0066399574279785,0,True,26,15,True,1,32,0.7888097167015076,60.13826370239258,-76611.79950771782,2025-11-19 22:15:29
ba_64_1_2.txt,barabasi_albert_10ins_m20,45,SpecAnn-NCV,0.1254911610276317,1.0,-14601.000000000002,-12785.0,0.0066256523132324,0,True,26,15,True,2,32,0.7838965654373169,58.25138092041016,-73745.83775831695,2025-11-19 22:15:29
ba_64_1_2.txt,barabasi_albert_10ins_m20,45,SpecAnn-NCV,0.1536946558735679,1.0,-14601.000000000002,-12785.0,0.0066311359405517,0,True,26,15,True,3,32,0.7800197601318359,56.851051330566406,-71617.08362670943,2025-11-19 22:15:29
ba_64_1_2.txt,barabasi_albert_10ins_m20,45,SpecAnn-NCV,0.1774713018832227,1.0,-14601.000000000002,-12785.0,0.006615400314331,0,True,26,15,True,4,32,0.7766770124435425,55.70153045654297,-69868.28869558606,2025-11-19 22:15:29
ba_64_1_2.txt,barabasi_albert_10ins_m20,45,SpecAnn-NCV,0.1984189475331362,1.0,-14601.000000000002,-12785.0,0.0065810680389404,0,True,26,15,True,5,32,0.7736740112304688,54.71164321899414,-68361.2969994529,2025-11-19 22:15:29
ba_64_1_2.txt,barabasi_albert_10ins_m20,45,SpecAnn-NCV,0.2173570668006655,1.0,-14601.000000000002,-12785.0,0.0066843032836914,0,True,26,15,True,6,32,0.7709111571311951,53.83471298217773,-67025.37611945,2025-11-19 22:15:29
ba_64_1_2.txt,barabasi_albert_10ins_m20,45,SpecAnn-NCV,0.2347724648169381,1.0,-14803.0,-12985.000000000002,0.0066480636596679,0,True,26,15,True,7,32,0.7683293223381042,53.043060302734375,-65818.57980207965,2025-11-19 22:15:29
ba_64_1_2.txt,barabasi_albert_10ins_m20,45,SpecAnn-NCV,0.2509823220552634,1.0,-14803.0,-12985.000000000002,0.0066103935241699,0,True,26,15,True,8,32,0.7658901810646057,52.318660736083984,-64713.61289891052,2025-11-19 22:15:29
ba_64_1_2.txt,barabasi_albert_10ins_m20,45,SpecAnn-NCV,0.2662069528248341,1.0,-14803.0,-12985.000000000002,0.0066075325012207,0,True,26,15,True,9,32,0.7635669112205505,51.64904022216797,-63691.55944756404,2025-11-19 22:15:29
ba_64_1_2.txt,barabasi_albert_10ins_m20,45,SpecAnn-NCV,0.2806067666331568,1.0,-14803.0,-12985.000000000002,0.0066559314727783,0,True,26,15,True,10,32,0.7613402605056763,51.02510833740234,-62738.66287739413,2025-11-19 22:15:29
ba_64_1_2.txt,barabasi_albert_10ins_m20,45,SpecAnn-NCV,0.2943028597012718,1.0,-14803.0,-12985.000000000002,0.0066413879394531,0,True,26,15,True,11,32,0.7591955661773682,50.44002151489258,-61844.55271757596,2025-11-19 22:15:29
ba_64_1_2.txt,barabasi_albert_10ins_m20,45,SpecAnn-NCV,0.3073893117471359,1.0,-14803.0,-12985.000000000002,0.0066139698028564,0,True,26,15,True,12,32,0.7571213841438293,49.88847351074219,-61001.18263940056,2025-11-19 22:15:29
ba_64_1_2.txt,barabasi_albert_10ins_m20,45,SpecAnn-NCV,0.3199409394316542,1.0,-14803.0,-12985.000000000002,0.0066173076629638,0,True,26,15,True,13,32,0.7551087737083435,49.366249084472656,-60202.1738111422,2025-11-19 22:15:29
ba_64_1_2.txt,barabasi_albert_10ins_m20,45,SpecAnn-NCV,0.3320184038158743,1.0,-14803.0,-12985.000000000002,0.0066132545471191,0,True,26,15,True,14,32,0.7531503438949585,48.86992645263672,-59442.339090988346,2025-11-19 22:15:29
ba_64_1_2.txt,barabasi_albert_10ins_m20,45,SpecAnn-NCV,0.3436716983117353,1.0,-14803.0,-13065.0,0.006598949432373,0,True,26,15,True,15,32,0.7512401938438416,48.396705627441406,-58717.44408489431,2025-11-19 22:15:29
ba_64_1_2.txt,barabasi_albert_10ins_m20,45,SpecAnn-NCV,0.3549426037664455,1.0,-14803.0,-13065.0,0.0066232681274414,0,True,26,15,True,16,32,0.749373197555542,47.94424057006836,-58023.92810948829,2025-11-19 22:15:29
ba_64_1_2.txt,barabasi_albert_10ins_m20,45,SpecAnn-NCV,0.3658664615902029,1.0,-14803.0,-13065.0,0.0066237449645996,0,True,26,15,True,17,32,0.7475452423095703,47.51054763793945,-57358.79841171609,2025-11-19 22:15:29
ba_64_1_2.txt,barabasi_albert_10ins_m20,45,SpecAnn-NCV,0.3764734830828951,1.0,-14803.0,-13065.0,0.0066063404083251,0,True,26,15,True,18,32,0.7457525134086609,47.09394836425781,-56719.49502975748,2025-11-19 22:15:29
ba_64_1_2.txt,barabasi_albert_10ins_m20,45,SpecAnn-NCV,0.3867897351437838,1.0,-14803.0,-13065.0,0.0066030025482177,0,True,26,15,True,19,32,0.743992030620575,46.69297409057617,-56103.80898411908,2025-11-19 22:15:29
ba_64_1_2.txt,barabasi_albert_10ins_m20,45,SpecAnn-NCV,0.3968378950662725,1.0,-14803.0,-13065.0,0.0065922737121582,0,True,26,15,True,20,32,0.7422609329223633,46.30636978149414,-55509.825913329536,2025-11-19 22:15:29
ba_64_1_2.txt,barabasi_albert_10ins_m20,45,SpecAnn-NCV,0.4066378372811136,1.0,-14601.000000000002,-13433.000000000002,0.0066621303558349,0,True,26,15,True,21,32,0.7405569553375244,45.93302154541016,-54935.8700149718,2025-11-19 22:15:29
ba_64_1_2.txt,barabasi_albert_10ins_m20,45,SpecAnn-NCV,0.4162070956347247,1.0,-14601.000000000002,-13433.000000000002,0.0066087245941162,0,True,26,15,True,22,32,0.7388780117034912,45.57196044921875,-54380.47303473046,2025-11-19 22:15:29
ba_64_1_2.txt,barabasi_albert_10ins_m20,45,SpecAnn-NCV,0.4255612320274539,1.0,-14601.000000000002,-13433.000000000002,0.0066089630126953,0,True,26,15,True,23,32,0.7372222542762756,45.22232055664063,-53842.32528355911,2025-11-19 22:15:29
ba_64_1_2.txt,barabasi_albert_10ins_m20,45,SpecAnn-NCV,0.434714133601331,1.0,-14601.000000000002,-13433.000000000002,0.0065908432006835,0,True,26,15,True,24,32,0.7355878353118896,44.883331298828125,-53320.246506381554,2025-11-19 22:15:29
ba_64_1_2.txt,barabasi_albert_10ins_m20,45,SpecAnn-NCV,0.4436782547080569,1.0,-14601.000000000002,-13433.000000000002,0.0066039562225341,0,True,26,15,True,25,32,0.733973503112793,44.55430603027344,-52813.21332241576,2025-11-19 22:15:29
ba_64_1_2.txt,barabasi_albert_10ins_m20,45,SpecAnn-NCV,0.4524648157026343,1.0,-14601.000000000002,-13433.000000000002,0.0065913200378417,0,True,26,15,True,26,32,0.732377827167511,44.234619140625,-52320.27361664623,2025-11-19 22:15:29
ba_64_1_2.txt,barabasi_albert_10ins_m20,45,SpecAnn-NCV,0.4610839676207039,1.0,-14601.000000000002,-13433.000000000002,0.006603717803955,0,True,26,15,True,27,32,0.7307994365692139,43.92371368408203,-51840.57171795271,2025-11-19 22:15:29
ba_64_1_2.txt,barabasi_albert_10ins_m20,45,SpecAnn-NCV,0.4695449296338763,1.0,-14601.000000000002,-13433.000000000002,0.0065984725952148,0,True,26,15,True,28,32,0.7292374968528748,43.6210823059082,-51373.358126299565,2025-11-19 22:15:29
ba_64_1_2.txt,barabasi_albert_10ins_m20,45,SpecAnn-NCV,0.4778561045889373,1.0,-14601.000000000002,-13433.000000000002,0.0066304206848144,0,True,26,15,True,29,32,0.7276909947395325,43.326263427734375,-50917.93274730121,2025-11-19 22:15:29
ba_64_1_2.txt,barabasi_albert_10ins_m20,45,SpecAnn-NCV,0.4860251767562508,1.0,-14601.000000000002,-13433.000000000002,0.0065627098083496,0,True,26,15,True,30,32,0.7261587381362915,43.0388298034668,-50473.63108063112,2025-11-19 22:15:29
ba_64_1_2.txt,barabasi_albert_10ins_m20,45,SpecAnn-NCV,0.4940591950252281,1.0,-14601.000000000002,-13433.000000000002,0.0066032409667968,0,True,26,15,True,31,32,0.7246401309967041,42.75839614868164,-50039.88640501926,2025-11-19 22:15:29
ba_64_1_2.txt,barabasi_albert_10ins_m20,45,SpecAnn-NCV,0.5019646441105269,1.0,-14601.000000000002,-13433.000000000002,0.0065844058990478,0,True,26,15,True,32,32,0.7231343388557434,42.48461151123047,-49616.16155259755,2025-11-19 22:15:29
ba_64_1_2.txt,barabasi_albert_10ins_m20,45,SpecAnn-NCV,0.5097475058154177,1.0,-14601.000000000002,-13433.000000000002,0.0065758228302001,0,True,26,15,True,33,32,0.7216405272483826,42.21714782714844,-49201.95177930369,2025-11-19 22:15:29
ba_64_1_2.txt,barabasi_albert_10ins_m20,45,SpecAnn-NCV,0.51741331199832,1.0,-14601.000000000002,-13433.000000000002,0.0065975189208984,0,True,26,15,True,34,32,0.7201582193374634,41.95569610595703,-48796.80412894856,2025-11-19 22:15:29
ba_64_1_2.txt,barabasi_albert_10ins_m20,45,SpecAnn-NCV,0.5249671905758515,1.0,-14601.000000000002,-13433.000000000002,0.0065944194793701,0,True,26,15,True,35,32,0.7186867594718933,41.69998550415039,-48400.30233498447,2025-11-19 22:15:29
ba_64_1_2.txt,barabasi_albert_10ins_m20,45,SpecAnn-NCV,0.5324139056496683,1.0,-14601.000000000002,-13433.000000000002,0.0065805912017822,0,True,26,15,True,36,32,0.7172254920005798,41.44974899291992,-48012.03883281726,2025-11-19 22:15:29
ba_64_1_2.txt,barabasi_albert_10ins_m20,45,SpecAnn-NCV,0.5397578926492556,1.0,-14601.000000000002,-13433.000000000002,0.0066263675689697,0,True,26,15,True,37,32,0.71577388048172,41.20475006103516,-47631.65341042843,2025-11-19 22:15:29
ba_64_1_2.txt,barabasi_albert_10ins_m20,45,SpecAnn-NCV,0.5470032892270364,1.0,-14601.000000000002,-13433.000000000002,0.006594181060791,0,True,26,15,True,38,32,0.7143316864967346,40.96476745605469,-47258.826749485605,2025-11-19 22:15:29
ba_64_1_2.txt,barabasi_albert_10ins_m20,45,SpecAnn-NCV,0.554153962516942,1.0,-14601.000000000002,-13433.000000000002,0.0065820217132568,0,True,26,15,True,39,32,0.7128981947898865,40.72957611083984,-46893.20667361964,2025-11-19 22:15:29
ba_64_1_2.txt,barabasi_albert_10ins_m20,45,SpecAnn-NCV,0.5612135332663137,1.0,-14601.000000000002,-13433.000000000002,0.0065898895263671,0,True,26,15,True,40,32,0.7114729881286621,40.49899673461914,-46534.51669013274,2025-11-19 22:15:29
ba_64_1_2.txt,barabasi_albert_10ins_m20,45,SpecAnn-NCV,0.5681853972686127,1.0,-14601.000000000002,-13433.000000000002,0.0066063404083251,0,True,26,15,True,41,32,0.7100557684898376,40.27284240722656,-46182.48196454441,2025-11-19 22:15:29
ba_64_1_2.txt,barabasi_albert_10ins_m20,45,SpecAnn-NCV,0.5750727444570146,1.0,-14601.000000000002,-13433.000000000002,0.0065584182739257,0,True,26,15,True,42,32,0.7086459994316101,40.050926208496094,-45836.81473935793,2025-11-19 22:15:29
ba_64_1_2.txt,barabasi_albert_10ins_m20,45,SpecAnn-NCV,0.5818785759635375,1.0,-14601.000000000002,-13433.000000000002,0.0066077709197998,0,True,26,15,True,43,32,0.7072435021400452,39.833106994628906,-45497.30533858077,2025-11-19 22:15:29
ba_64_1_2.txt,barabasi_albert_10ins_m20,45,SpecAnn-NCV,0.5886057194025436,1.0,-14601.000000000002,-13433.000000000002,0.0066032409667968,0,True,26,15,True,44,32,0.7058478593826294,39.61921691894531,-45163.70021603557,2025-11-19 22:15:29
ba_64_1_2.txt,barabasi_albert_10ins_m20,45,SpecAnn-NCV,0.5952568425994088,1.0,-14601.000000000002,-13433.000000000002,0.0066051483154296,0,True,26,15,True,45,32,0.7044587731361389,39.409122467041016,-44835.794832558255,2025-11-19 22:15:29
ba_64_1_2.txt,barabasi_albert_10ins_m20,45,SpecAnn-NCV,0.6018344659534288,1.0,-14601.000000000002,-13433.000000000002,0.0065948963165283,0,True,26,15,True,46,32,0.7030758261680603,39.20268249511719,-44513.37028896275,2025-11-19 22:15:29
ba_64_1_2.txt,barabasi_albert_10ins_m20,45,SpecAnn-NCV,0.6083409735974393,1.0,-14601.000000000002,-13433.000000000002,0.0066068172454833,0,True,26,15,True,47,32,0.701698899269104,38.99977111816406,-44196.24579156079,2025-11-19 22:15:29
ba_64_1_2.txt,barabasi_albert_10ins_m20,45,SpecAnn-NCV,0.6147786234942719,1.0,-14601.000000000002,-13433.000000000002,0.0066056251525878,0,True,26,15,True,48,32,0.7003276348114014,38.80026626586914,-43884.23140700642,2025-11-19 22:15:29
ba_64_1_2.txt,barabasi_albert_10ins_m20,45,SpecAnn-NCV,0.6211495565912796,1.0,-14601.000000000002,-13433.000000000002,0.0066292285919189,0,True,26,15,True,49,32,0.6989617943763733,38.60405731201172,-43577.15928795448,2025-11-19 22:15:29
ba_64_1_2.txt,barabasi_albert_10ins_m20,45,SpecAnn-NCV,0.6274558051381586,1.0,-14601.000000000002,-13433.000000000002,0.0066180229187011,0,True,26,15,True,50,32,0.6976011395454407,38.41102981567383,-43274.85874540266,2025-11-19 22:15:29
ba_64_1_2.txt,barabasi_albert_10ins_m20,45,SpecAnn-NCV,0.6336993002596786,1.0,-14601.000000000002,-13433.000000000002,0.0066292285919189,0,True,26,15,True,51,32,0.6962454319000244,38.22108459472656,-42977.17771541857,2025-11-19 22:15:29
ba_64_1_2.txt,barabasi_albert_10ins_m20,45,SpecAnn-NCV,0.6398818788633085,1.0,-14601.000000000002,-13353.0,0.0066587924957275,0,True,26,15,True,52,32,0.6948944330215454,38.03412628173828,-42683.96972809968,2025-11-19 22:15:29
ba_64_1_2.txt,barabasi_albert_10ins_m20,45,SpecAnn-NCV,0.6460052899517691,1.0,-14601.000000000002,-13353.0,0.0065891742706298,0,True,26,15,True,53,32,0.6935479640960693,37.85005187988281,-42395.08467189067,2025-11-19 22:15:29
ba_64_1_2.txt,barabasi_albert_10ins_m20,45,SpecAnn-NCV,0.6520712004019966,1.0,-14601.000000000002,-13353.0,0.0066030025482177,0,True,26,15,True,54,32,0.6922059059143066,37.66877746582031,-42110.3986221163,2025-11-19 22:15:29
ba_64_1_2.txt,barabasi_albert_10ins_m20,45,SpecAnn-NCV,0.6580812002646271,1.0,-14601.000000000002,-13353.0,0.0066020488739013,0,True,26,15,True,55,32,0.6908679008483887,37.4902229309082,-41829.7784640627,2025-11-19 22:15:29
ba_64_1_2.txt,barabasi_albert_10ins_m20,45,SpecAnn-NCV,0.6640368076317485,1.0,-14601.000000000002,-13353.0,0.00661301612854,0,True,26,15,True,56,32,0.6895338296890259,37.31430816650391,-41553.10666677718,2025-11-19 22:15:29
ba_64_1_2.txt,barabasi_albert_10ins_m20,45,SpecAnn-NCV,0.6699394731151429,1.0,-14601.000000000002,-13353.0,0.006603717803955,0,True,26,15,True,57,32,0.6882035136222839,37.14094924926758,-41280.2588127698,2025-11-19 22:15:29
ba_64_1_2.txt,barabasi_albert_10ins_m20,45,SpecAnn-NCV,0.6757905839724513,1.0,-14609.000000000002,-13121.0,0.0066447257995605,0,True,26,15,True,58,32,0.6868767738342285,36.9700813293457,-41011.13265990239,2025-11-19 22:15:29
ba_64_1_2.txt,barabasi_albert_10ins_m20,45,SpecAnn-NCV,0.6815914679145113,1.0,-14609.000000000002,-13121.0,0.0065970420837402,0,True,26,15,True,59,32,0.6855534911155701,36.80162811279297,-40745.61767981134,2025-11-19 22:15:29
ba_64_1_2.txt,barabasi_albert_10ins_m20,45,SpecAnn-NCV,0.6873433966234707,1.0,-14609.000000000002,-13121.0,0.0066170692443847,0,True,26,15,True,60,32,0.6842334866523743,36.63552474975586,-40483.61332830666,2025-11-19 22:15:29
ba_64_1_2.txt,barabasi_albert_10ins_m20,45,SpecAnn-NCV,0.6930475890080863,1.0,-14609.000000000002,-13121.0,0.0065960884094238,0,True,26,15,True,61,32,0.6829165816307068,36.47170639038086,-40225.01988278769,2025-11-19 22:15:29
ba_64_1_2.txt,barabasi_albert_10ins_m20,45,SpecAnn-NCV,0.6987052142198116,1.0,-14609.000000000002,-13121.0,0.0066156387329101,0,True,26,15,True,62,32,0.6816027164459229,36.31011199951172,-39969.74962191646,2025-11-19 22:15:29
ba_64_1_2.txt,barabasi_albert_10ins_m20,45,SpecAnn-NCV,0.7043173944508145,1.0,-14609.000000000002,-13121.0,0.0065784454345703,0,True,26,15,True,63,32,0.6802917122840881,36.15068435668945,-39717.71270242499,2025-11-19 22:15:29
ba_64_1_2.txt,barabasi_albert_10ins_m20,45,SpecAnn-NCV,0.709885207532891,1.0,-14609.000000000002,-13121.0,0.0066227912902832,0,True,26,15,True,64,32,0.6789834499359131,35.99336242675781,-39468.8192934316,2025-11-19 22:15:29
ba_64_1_2.txt,barabasi_albert_10ins_m20,45,SpecAnn-NCV,0.7154096893543218,1.0,-14609.000000000002,-13121.0,0.0065834522247314,0,True,26,15,True,65,32,0.6776778101921082,35.838096618652344,-39222.99278334015,2025-11-19 22:15:29
ba_64_1_2.txt,barabasi_albert_10ins_m20,45,SpecAnn-NCV,0.7208918361100219,1.0,-14609.000000000002,-13121.0,0.0065433979034423,0,True,26,15,True,66,32,0.6763745546340942,35.684837341308594,-38980.15028172708,2025-11-19 22:15:29
ba_64_1_2.txt,barabasi_albert_10ins_m20,45,SpecAnn-NCV,0.7263326063988248,1.0,-14609.000000000002,-13121.0,0.0066397190093994,0,True,26,15,True,67,32,0.6750736832618713,35.53352355957031,-38740.21080524005,2025-11-19 22:15:29
ba_64_1_2.txt,barabasi_albert_10ins_m20,45,SpecAnn-NCV,0.7317329231804058,1.0,-14609.000000000002,-13121.0,0.006608247756958,0,True,26,15,True,68,32,0.6737751364707947,35.384117126464844,-38503.11542843863,2025-11-19 22:15:29
ba_64_1_2.txt,barabasi_albert_10ins_m20,45,SpecAnn-NCV,0.7370936756031579,1.0,-14609.000000000002,-13121.0,0.0065879821777343,0,True,26,15,True,69,32,0.6724786162376404,35.236572265625,-38268.78379340437,2025-11-19 22:15:29
ba_64_1_2.txt,barabasi_albert_10ins_m20,45,SpecAnn-NCV,0.7424157207132704,1.0,-14609.000000000002,-13121.0,0.0066080093383789,0,True,26,15,True,70,32,0.6711841821670532,35.09083557128906,-38037.14824577582,2025-11-19 22:15:29
ba_64_1_2.txt,barabasi_albert_10ins_m20,45,SpecAnn-NCV,0.7476998850543153,1.0,-14609.000000000002,-13121.0,0.006624698638916,0,True,26,15,True,71,32,0.6698917150497437,34.946868896484375,-37808.14797420541,2025-11-19 22:15:29
ba_64_1_2.txt,barabasi_albert_10ins_m20,45,SpecAnn-NCV,0.7529469661657903,1.0,-14609.000000000002,-13121.0,0.0066111087799072,0,True,26,15,True,72,32,0.6686009764671326,34.80463409423828,-37581.71593069719,2025-11-19 22:15:29
ba_64_1_2.txt,barabasi_albert_10ins_m20,45,SpecAnn-NCV,0.7581577339883167,1.0,-14609.000000000002,-13121.0,0.0066368579864501,0,True,26,15,True,73,32,0.6673120260238647,34.66408920288086,-37357.798207937936,2025-11-19 22:15:29
ba_64_1_2.txt,barabasi_albert_10ins_m20,45,SpecAnn-NCV,0.7633329321824984,1.0,-14609.000000000002,-13121.0,0.0066449642181396,0,True,26,15,True,74,32,0.6660246849060059,34.52519226074219,-37136.32792929984,2025-11-19 22:15:29
ba_64_1_2.txt,barabasi_albert_10ins_m20,45,SpecAnn-NCV,0.7684732793678399,1.0,-14609.000000000002,-13121.0,0.0066087245941162,0,True,26,15,True,75,32,0.6647389531135559,34.38791275024414,-36917.26097099251,2025-11-19 22:15:29
ba_64_1_2.txt,barabasi_albert_10ins_m20,45,SpecAnn-NCV,0.7735794702875677,1.0,-14609.000000000002,-13121.0,0.0066125392913818,0,True,26,15,True,76,32,0.6634545922279358,34.25220489501953,-36700.52394992561,2025-11-19 22:15:29
ba_64_1_2.txt,barabasi_albert_10ins_m20,45,SpecAnn-NCV,0.7786521769046981,1.0,-14609.000000000002,-13121.0,0.0066068172454833,0,True,26,15,True,77,32,0.6621716618537903,34.1180419921875,-36486.08091274018,2025-11-19 22:15:29
ba_64_1_2.txt,barabasi_albert_10ins_m20,45,SpecAnn-NCV,0.7836920494342511,1.0,-14609.000000000002,-13121.0,0.0065810680389404,0,True,26,15,True,78,32,0.6608899831771851,33.98539352416992,-36273.87893945076,2025-11-19 22:15:29
ba_64_1_2.txt,barabasi_albert_10ins_m20,45,SpecAnn-NCV,0.788699717316095,1.0,-14609.000000000002,-13121.0,0.0066258907318115,0,True,26,15,True,79,32,0.6596095561981201,33.854217529296875,-36063.86312089362,2025-11-19 22:15:29
ba_64_1_2.txt,barabasi_albert_10ins_m20,45,SpecAnn-NCV,0.7936757901325451,1.0,-14609.000000000002,-13121.0,0.0066046714782714,0,True,26,15,True,80,32,0.6583302617073059,33.724491119384766,-35855.992699281014,2025-11-19 22:15:29
ba_64_1_2.txt,barabasi_albert_10ins_m20,45,SpecAnn-NCV,0.7986208584745024,1.0,-14609.000000000002,-13121.0,0.0065655708312988,0,True,26,15,True,81,32,0.6570519804954529,33.5961799621582,-35650.21507866658,2025-11-19 22:15:29
ba_64_1_2.txt,barabasi_albert_10ins_m20,45,SpecAnn-NCV,0.803535494759617,1.0,-14609.000000000002,-13121.0,0.0066368579864501,0,True,26,15,True,82,32,0.6557747721672058,33.46925354003906,-35446.49176544329,2025-11-19 22:15:29
ba_64_1_2.txt,barabasi_albert_10ins_m20,45,SpecAnn-NCV,0.8084202540056837,1.0,-14609.000000000002,-13121.0,0.0066237449645996,0,True,26,15,True,83,32,0.6544983983039856,33.34368896484375,-35244.776498973966,2025-11-19 22:15:29
ba_64_1_2.txt,barabasi_albert_10ins_m20,45,SpecAnn-NCV,0.8132756745622272,1.0,-14609.000000000002,-13121.0,0.0066087245941162,0,True,26,15,True,84,32,0.653222918510437,33.219451904296875,-35045.02732865067,2025-11-19 22:15:29
ba_64_1_2.txt,barabasi_albert_10ins_m20,45,SpecAnn-NCV,0.8181022788030096,1.0,-14609.000000000002,-13121.0,0.0066056251525878,0,True,26,15,True,85,32,0.6519482135772705,33.09651565551758,-34847.201025453665,2025-11-19 22:15:29
ba_64_1_2.txt,barabasi_albert_10ins_m20,45,SpecAnn-NCV,0.822900573781978,1.0,-14609.000000000002,-13121.0,0.0066308975219726,0,True,26,15,True,86,32,0.6506742238998413,32.97486114501953,-34651.2658767411,2025-11-19 22:15:29
ba_64_1_2.txt,barabasi_albert_10ins_m20,45,SpecAnn-NCV,0.8276710518549868,1.0,-14609.000000000002,-13121.0,0.0066509246826171,0,True,26,15,True,87,32,0.6494008898735046,32.854461669921875,-34457.18238129098,2025-11-19 22:15:29
ba_64_1_2.txt,barabasi_albert_10ins_m20,45,SpecAnn-NCV,0.8324141912694495,1.0,-14609.000000000002,-13121.0,0.0066592693328857,0,True,26,15,True,88,32,0.6481281518936157,32.73529052734375,-34264.91131216844,2025-11-19 22:15:29
ba_64_1_2.txt,barabasi_albert_10ins_m20,45,SpecAnn-NCV,0.8371304567239225,1.0,-14609.000000000002,-13121.0,0.0066134929656982,0,True,26,15,True,89,32,0.6468559503555298,32.6173210144043,-34074.413715260576,2025-11-19 22:15:29
ba_64_1_2.txt,barabasi_albert_10ins_m20,45,SpecAnn-NCV,0.8418202998994706,1.0,-14609.000000000002,-13121.0,0.0066344738006591,0,True,26,15,True,90,32,0.6455841064453125,32.50053787231445,-33885.656582583615,2025-11-19 22:15:29
ba_64_1_2.txt,barabasi_albert_10ins_m20,45,SpecAnn-NCV,0.846484159964536,1.0,-14609.000000000002,-12621.000000000002,0.0066485404968261,0,True,26,15,True,91,32,0.6443127989768982,32.384910583496094,-33698.60999801034,2025-11-19 22:15:29
ba_64_1_2.txt,barabasi_albert_10ins_m20,45,SpecAnn-NCV,0.8511224640549078,1.0,-14609.000000000002,-12621.000000000002,0.0066003799438476,0,True,26,15,True,92,32,0.6430418491363525,32.27042770385742,-33513.245337521774,2025-11-19 22:15:29
ba_64_1_2.txt,barabasi_albert_10ins_m20,45,SpecAnn-NCV,0.8557356277302758,1.0,-14609.000000000002,-12621.000000000002,0.0066297054290771,0,True,26,15,True,93,32,0.641771137714386,32.15705871582031,-33329.51753452451,2025-11-19 22:15:29
ba_64_1_2.txt,barabasi_albert_10ins_m20,45,SpecAnn-NCV,0.8603240554087516,1.0,-14609.000000000002,-12621.000000000002,0.0065958499908447,0,True,26,15,True,94,32,0.6405007243156433,32.04478454589844,-33147.40295518149,2025-11-19 22:15:29
ba_64_1_2.txt,barabasi_albert_10ins_m20,45,SpecAnn-NCV,0.86488814078064,1.0,-14609.000000000002,-12621.000000000002,0.0066282749176025,0,True,26,15,True,95,32,0.639230489730835,31.93359375,-32966.87673626002,2025-11-19 22:15:29
ba_64_1_2.txt,barabasi_albert_10ins_m20,45,SpecAnn-NCV,0.8694282672026621,1.0,-14609.000000000002,-12621.000000000002,0.0066168308258056,0,True,26,15,True,96,32,0.6379603743553162,31.823457717895508,-32787.89957336755,2025-11-19 22:15:29
ba_64_1_2.txt,barabasi_albert_10ins_m20,45,SpecAnn-NCV,0.8739448080737451,1.0,-14609.000000000002,-12621.000000000002,0.0066545009613037,0,True,26,15,True,97,32,0.6366903781890869,31.71436309814453,-32610.45118349862,2025-11-19 22:15:29
ba_64_1_2.txt,barabasi_albert_10ins_m20,45,SpecAnn-NCV,0.878438127193422,1.0,-14609.000000000002,-12621.000000000002,0.0065762996673583,0,True,26,15,True,98,32,0.6354204416275024,31.60628700256348,-32434.498565279777,2025-11-19 22:15:29
ba_64_1_2.txt,barabasi_albert_10ins_m20,45,SpecAnn-NCV,0.8829085791038153,1.0,-14609.000000000002,-12621.000000000002,0.0065984725952148,0,True,26,15,True,99,32,0.634150505065918,31.499217987060547,-32260.02066801657,2025-11-19 22:15:29
ba_64_1_2.txt,barabasi_albert_10ins_m20,45,SpecAnn-NCV,0.8873565094161138,1.0,-14609.000000000002,-12621.000000000002,0.0066235065460205,0,True,26,15,True,100,32,0.632880449295044,31.39313125610352,-32086.97990783785,2025-11-19 22:15:29
ba_64_1_2.txt,barabasi_albert_10ins_m20,45,SpecAnn-NCV,0.8917822551223932,1.0,-14609.000000000002,-12621.000000000002,0.0065901279449462,0,True,26,15,True,101,32,0.6316103935241699,31.288015365600582,-31915.36465171648,2025-11-19 22:15:29
ba_64_1_2.txt,barabasi_albert_10ins_m20,45,SpecAnn-NCV,0.8961861448935777,1.0,-14609.000000000002,-12621.000000000002,0.0066146850585937,0,True,26,15,True,102,32,0.6303401589393616,31.183853149414062,-31745.142445127545,2025-11-19 22:15:29
ba_64_1_2.txt,barabasi_albert_10ins_m20,45,SpecAnn-NCV,0.9005684993642872,1.0,-14379.000000000002,-12995.0,0.0065970420837402,0,True,26,15,True,103,32,0.6290697455406189,31.08062744140625,-31576.290069230254,2025-11-19 22:15:30
ba_64_1_2.txt,barabasi_albert_10ins_m20,45,SpecAnn-NCV,0.9049296314052688,1.0,-14379.000000000002,-12995.0,0.0066018104553222,0,True,26,15,True,104,32,0.6277990937232971,30.978321075439453,-31408.78146241178,2025-11-19 22:15:30
ba_64_1_2.txt,barabasi_albert_10ins_m20,45,SpecAnn-NCV,0.9092698463840684,1.0,-14379.000000000002,-12995.0,0.0065863132476806,0,True,26,15,True,105,32,0.6265281438827515,30.876922607421875,-31242.59653121362,2025-11-19 22:15:30
ba_64_1_2.txt,barabasi_albert_10ins_m20,45,SpecAnn-NCV,0.9135894424145556,1.0,-14379.000000000002,-12995.0,0.0065979957580566,0,True,26,15,True,106,32,0.6252568960189819,30.776416778564453,-31077.71442326604,2025-11-19 22:15:30
ba_64_1_2.txt,barabasi_albert_10ins_m20,45,SpecAnn-NCV,0.9178887105958816,1.0,-14379.000000000002,-12995.0,0.0066184997558593,0,True,26,15,True,107,32,0.6239853501319885,30.676788330078125,-30914.11440891595,2025-11-19 22:15:30
ba_64_1_2.txt,barabasi_albert_10ins_m20,45,SpecAnn-NCV,0.922167935241408,1.0,-14379.000000000002,-12995.0,0.0065803527832031,0,True,26,15,True,108,32,0.6227134466171265,30.578022003173828,-30751.772937814087,2025-11-19 22:15:30
ba_64_1_2.txt,barabasi_albert_10ins_m20,45,SpecAnn-NCV,0.92642739409812,1.0,-14379.000000000002,-12995.0,0.0065739154815673,0,True,26,15,True,109,32,0.6214410662651062,30.480104446411133,-30590.665600385004,2025-11-19 22:15:30
ba_64_1_2.txt,barabasi_albert_10ins_m20,45,SpecAnn-NCV,0.9306673585570006,1.0,-14379.000000000002,-12995.0,0.0065913200378417,0,True,26,15,True,110,32,0.620168149471283,30.38302230834961,-30430.771093306925,2025-11-19 22:15:30
ba_64_1_2.txt,barabasi_albert_10ins_m20,45,SpecAnn-NCV,0.9348880938548184,1.0,-14379.000000000002,-12995.0,0.0065829753875732,0,True,26,15,True,111,32,0.6188948154449463,30.286762237548828,-30272.077002573893,2025-11-19 22:15:30
ba_64_1_2.txt,barabasi_albert_10ins_m20,45,SpecAnn-NCV,0.9390898592677528,1.0,-14379.000000000002,-12995.0,0.0066471099853515,0,True,26,15,True,112,32,0.6176209449768066,30.191314697265625,-30114.56312616901,2025-11-19 22:15:30
ba_64_1_2.txt,barabasi_albert_10ins_m20,45,SpecAnn-NCV,0.9432729082972536,1.0,-14379.000000000002,-12995.0,0.00657320022583,0,True,26,15,True,113,32,0.6163464784622192,30.096660614013672,-29958.20281441564,2025-11-19 22:15:30
ba_64_1_2.txt,barabasi_albert_10ins_m20,45,SpecAnn-NCV,0.9474374888485204,1.0,-14379.000000000002,-12995.0,0.006591796875,0,True,26,15,True,114,32,0.6150714159011841,30.00279426574707,-29802.98575729034,2025-11-19 22:15:30
ba_64_1_2.txt,barabasi_albert_10ins_m20,45,SpecAnn-NCV,0.9515838434019476,1.0,-14379.000000000002,-12995.0,0.0066227912902832,0,True,26,15,True,115,32,0.6137956976890564,29.909698486328125,-29648.88746388741,2025-11-19 22:15:30
ba_64_1_2.txt,barabasi_albert_10ins_m20,45,SpecAnn-NCV,0.9557122091778746,1.0,-14379.000000000002,-12995.0,0.0066359043121337,0,True,26,15,True,116,32,0.6125193238258362,29.81736946105957,-29495.89969359365,2025-11-19 22:15:30
ba_64_1_2.txt,barabasi_albert_10ins_m20,45,SpecAnn-NCV,0.9598228182949629,1.0,-14379.000000000002,-12995.0,0.0066184997558593,0,True,26,15,True,117,32,0.6112422347068787,29.72578811645508,-29343.996308111164,2025-11-19 22:15:30
ba_64_1_2.txt,barabasi_albert_10ins_m20,45,SpecAnn-NCV,0.963915897922488,1.0,-14379.000000000002,-12995.0,0.0066070556640625,0,True,26,15,True,118,32,0.6099643707275391,29.634944915771484,-29193.160751256542,2025-11-19 22:15:30
ba_64_1_2.txt,barabasi_albert_10ins_m20,45,SpecAnn-NCV,0.967991670426842,1.0,-14379.000000000002,-12995.0,0.0066070556640625,0,True,26,15,True,119,32,0.6086857914924622,29.54483222961425,-29043.384138164536,2025-11-19 22:15:30
ba_64_1_2.txt,barabasi_albert_10ins_m20,45,SpecAnn-NCV,0.9720503535125016,1.0,-14609.000000000002,-13109.000000000002,0.0065991878509521,0,True,26,15,True,120,32,0.6074063181877136,29.45543670654297,-28894.640652259983,2025-11-19 22:15:30
ba_64_1_2.txt,barabasi_albert_10ins_m20,45,SpecAnn-NCV,0.9760921603577252,1.0,-14609.000000000002,-13109.000000000002,0.0065791606903076,0,True,26,15,True,121,32,0.606126070022583,29.366748809814453,-28746.92255337462,2025-11-19 22:15:30
ba_64_1_2.txt,barabasi_albert_10ins_m20,45,SpecAnn-NCV,0.9801172997452104,1.0,-14609.000000000002,-13109.000000000002,0.0065951347351074,0,True,26,15,True,122,32,0.6048449277877808,29.27875518798828,-28600.207106342736,2025-11-19 22:15:30
ba_64_1_2.txt,barabasi_albert_10ins_m20,45,SpecAnn-NCV,0.9841259761879442,1.0,-14609.000000000002,-13109.000000000002,0.006568431854248,0,True,26,15,True,123,32,0.6035629510879517,29.191452026367188,-28454.48947449612,2025-11-19 22:15:30
ba_64_1_2.txt,barabasi_albert_10ins_m20,45,SpecAnn-NCV,0.9881183900504562,1.0,-14609.000000000002,-13109.000000000002,0.0065839290618896,0,True,26,15,True,124,32,0.6022799611091614,29.10482406616211,-28309.742475251216,2025-11-19 22:15:30
ba_64_1_2.txt,barabasi_albert_10ins_m20,45,SpecAnn-NCV,0.9920947376656812,1.0,-14609.000000000002,-13109.000000000002,0.0065667629241943,0,True,26,15,True,125,32,0.6009960174560547,29.01886558532715,-28165.9595763168,2025-11-19 22:15:30
ba_64_1_2.txt,barabasi_albert_10ins_m20,45,SpecAnn-NCV,0.9960552114476228,1.0,-14609.000000000002,-13109.000000000002,0.0065839290618896,0,True,26,15,True,126,32,0.5997112393379211,28.93356704711914,-28023.13334395587,2025-11-19 22:15:30
ba_64_1_2.txt,barabasi_albert_10ins_m20,45,SpecAnn-NCV,1.0,1.0,-14609.000000000002,-13109.000000000002,0.0065937042236328,0,True,26,15,True,127,32,0.5984253287315369,28.848915100097656,-27881.233226253484,2025-11-19 22:15:30
ba_64_1_2.txt,barabasi_albert_10ins_m20,46,SpecAnn-NCV,0.0,1.0,-14687.0,-12785.0,0.0130062103271484,0,True,18,29,True,0,32,0.800058126449585,65.0,-83986.10182404518,2025-11-19 22:15:30
ba_64_1_2.txt,barabasi_albert_10ins_m20,46,SpecAnn-NCV,0.0887356509416113,1.0,-14687.0,-12785.0,0.0066814422607421,0,True,18,15,True,1,32,0.7888097167015076,60.13826370239258,-76611.79950771782,2025-11-19 22:15:30
ba_64_1_2.txt,barabasi_albert_10ins_m20,46,SpecAnn-NCV,0.1254911610276317,1.0,-14687.0,-12785.0,0.0066514015197753,0,True,18,15,True,2,32,0.7838965058326721,58.25138092041016,-73745.83215095157,2025-11-19 22:15:30
ba_64_1_2.txt,barabasi_albert_10ins_m20,46,SpecAnn-NCV,0.1536946558735679,1.0,-14687.0,-12785.0,0.0066761970520019,0,True,18,15,True,3,32,0.7800197601318359,56.851051330566406,-71617.08362670943,2025-11-19 22:15:30
ba_64_1_2.txt,barabasi_albert_10ins_m20,46,SpecAnn-NCV,0.1774713018832227,1.0,-14687.0,-12785.0,0.0085711479187011,0,True,18,15,True,4,32,0.7766770124435425,55.70153045654297,-69868.28869558606,2025-11-19 22:15:30
ba_64_1_2.txt,barabasi_albert_10ins_m20,46,SpecAnn-NCV,0.1984189475331362,1.0,-14687.0,-12785.0,0.0068321228027343,0,True,18,15,True,5,32,0.7736740112304688,54.71164321899414,-68361.2969994529,2025-11-19 22:15:30
ba_64_1_2.txt,barabasi_albert_10ins_m20,46,SpecAnn-NCV,0.2173570668006655,1.0,-14687.0,-12785.0,0.0067043304443359,0,True,18,15,True,6,32,0.7709110975265503,53.83471298217773,-67025.3709372397,2025-11-19 22:15:30
ba_64_1_2.txt,barabasi_albert_10ins_m20,46,SpecAnn-NCV,0.2347724648169381,1.0,-14687.0,-12985.000000000002,0.0066840648651123,0,True,18,15,True,7,32,0.7683293223381042,53.043060302734375,-65818.57980207965,2025-11-19 22:15:30
ba_64_1_2.txt,barabasi_albert_10ins_m20,46,SpecAnn-NCV,0.2509823220552634,1.0,-14687.0,-12985.000000000002,0.0066423416137695,0,True,18,15,True,8,32,0.7658901810646057,52.318660736083984,-64713.61289891052,2025-11-19 22:15:30
ba_64_1_2.txt,barabasi_albert_10ins_m20,46,SpecAnn-NCV,0.2662069528248341,1.0,-14687.0,-12985.000000000002,0.0066914558410644,0,True,18,15,True,9,32,0.7635669112205505,51.64904022216797,-63691.55944756404,2025-11-19 22:15:30
ba_64_1_2.txt,barabasi_albert_10ins_m20,46,SpecAnn-NCV,0.2806067666331568,1.0,-14687.0,-12985.000000000002,0.0066540241241455,0,True,18,15,True,10,32,0.761340320110321,51.02510833740234,-62738.66778914767,2025-11-19 22:15:30
ba_64_1_2.txt,barabasi_albert_10ins_m20,46,SpecAnn-NCV,0.2943028597012718,1.0,-14687.0,-12985.000000000002,0.0066449642181396,0,True,18,15,True,11,32,0.7591955661773682,50.44002151489258,-61844.55271757596,2025-11-19 22:15:30
ba_64_1_2.txt,barabasi_albert_10ins_m20,46,SpecAnn-NCV,0.3073893117471359,1.0,-14687.0,-12985.000000000002,0.0066199302673339,0,True,18,15,True,12,32,0.7571213841438293,49.88847351074219,-61001.18263940056,2025-11-19 22:15:30
ba_64_1_2.txt,barabasi_albert_10ins_m20,46,SpecAnn-NCV,0.3199409394316542,1.0,-14687.0,-12985.000000000002,0.00661301612854,0,True,18,15,True,13,32,0.7551087737083435,49.366249084472656,-60202.1738111422,2025-11-19 22:15:30
ba_64_1_2.txt,barabasi_albert_10ins_m20,46,SpecAnn-NCV,0.3320184038158743,1.0,-14687.0,-12985.000000000002,0.0066437721252441,0,True,18,15,True,14,32,0.753150463104248,48.86992645263672,-59442.34849957333,2025-11-19 22:15:30
ba_64_1_2.txt,barabasi_albert_10ins_m20,46,SpecAnn-NCV,0.3436716983117353,1.0,-14687.0,-13065.0,0.0066378116607666,0,True,18,15,True,15,32,0.7512401938438416,48.396705627441406,-58717.44408489431,2025-11-19 22:15:30
ba_64_1_2.txt,barabasi_albert_10ins_m20,46,SpecAnn-NCV,0.3549426037664455,1.0,-14687.0,-13065.0,0.0066537857055664,0,True,18,15,True,16,32,0.749373197555542,47.94424057006836,-58023.92810948829,2025-11-19 22:15:30
ba_64_1_2.txt,barabasi_albert_10ins_m20,46,SpecAnn-NCV,0.3658664615902029,1.0,-14687.0,-13065.0,0.0066123008728027,0,True,18,15,True,17,32,0.7475452423095703,47.51054763793945,-57358.79841171609,2025-11-19 22:15:30
ba_64_1_2.txt,barabasi_albert_10ins_m20,46,SpecAnn-NCV,0.3764734830828951,1.0,-14687.0,-13065.0,0.0066463947296142,0,True,18,15,True,18,32,0.7457524538040161,47.09394836425781,-56719.49049642331,2025-11-19 22:15:30
ba_64_1_2.txt,barabasi_albert_10ins_m20,46,SpecAnn-NCV,0.3867897351437838,1.0,-14687.0,-13065.0,0.006598949432373,0,True,18,15,True,19,32,0.743992030620575,46.69297409057617,-56103.80898411908,2025-11-19 22:15:30
ba_64_1_2.txt,barabasi_albert_10ins_m20,46,SpecAnn-NCV,0.3968378950662725,1.0,-14687.0,-13065.0,0.0066363811492919,0,True,18,15,True,20,32,0.7422609329223633,46.30636978149414,-55509.825913329536,2025-11-19 22:15:30
ba_64_1_2.txt,barabasi_albert_10ins_m20,46,SpecAnn-NCV,0.4066378372811136,1.0,-14687.0,-13433.000000000002,0.0066194534301757,0,True,18,15,True,21,32,0.7405570149421692,45.93302154541016,-54935.87443655341,2025-11-19 22:15:30
ba_64_1_2.txt,barabasi_albert_10ins_m20,46,SpecAnn-NCV,0.4162070956347247,1.0,-14687.0,-13433.000000000002,0.0066304206848144,0,True,18,15,True,22,32,0.7388780117034912,45.57196044921875,-54380.47303473046,2025-11-19 22:15:30
ba_64_1_2.txt,barabasi_albert_10ins_m20,46,SpecAnn-NCV,0.4255612320274539,1.0,-14687.0,-13433.000000000002,0.0066175460815429,0,True,18,15,True,23,32,0.7372222542762756,45.22232055664063,-53842.32528355911,2025-11-19 22:15:30
ba_64_1_2.txt,barabasi_albert_10ins_m20,46,SpecAnn-NCV,0.434714133601331,1.0,-14687.0,-13433.000000000002,0.0066699981689453,0,True,18,15,True,24,32,0.7355878353118896,44.883331298828125,-53320.246506381554,2025-11-19 22:15:30
ba_64_1_2.txt,barabasi_albert_10ins_m20,46,SpecAnn-NCV,0.4436782547080569,1.0,-14687.0,-13433.000000000002,0.0066304206848144,0,True,18,15,True,25,32,0.733973503112793,44.55430603027344,-52813.21332241576,2025-11-19 22:15:30
ba_64_1_2.txt,barabasi_albert_10ins_m20,46,SpecAnn-NCV,0.4524648157026343,1.0,-14687.0,-13433.000000000002,0.0066311359405517,0,True,18,15,True,26,32,0.7323778867721558,44.234619140625,-52320.27787473708,2025-11-19 22:15:30
ba_64_1_2.txt,barabasi_albert_10ins_m20,46,SpecAnn-NCV,0.4610839676207039,1.0,-14687.0,-13433.000000000002,0.0066280364990234,0,True,18,15,True,27,32,0.7307994961738586,43.92371368408203,-51840.57594611533,2025-11-19 22:15:30
ba_64_1_2.txt,barabasi_albert_10ins_m20,46,SpecAnn-NCV,0.4695449296338763,1.0,-14687.0,-13433.000000000002,0.0066173076629638,0,True,18,15,True,28,32,0.7292375564575195,43.6210823059082,-51373.36232533044,2025-11-19 22:15:30
ba_64_1_2.txt,barabasi_albert_10ins_m20,46,SpecAnn-NCV,0.4778561045889373,1.0,-14687.0,-13433.000000000002,0.0065894126892089,0,True,18,15,True,29,32,0.7276909947395325,43.326263427734375,-50917.93274730121,2025-11-19 22:15:30
ba_64_1_2.txt,barabasi_albert_10ins_m20,46,SpecAnn-NCV,0.4860251767562508,1.0,-14687.0,-13433.000000000002,0.0066251754760742,0,True,18,15,True,30,32,0.7261587381362915,43.0388298034668,-50473.63108063112,2025-11-19 22:15:30
ba_64_1_2.txt,barabasi_albert_10ins_m20,46,SpecAnn-NCV,0.4940591950252281,1.0,-14687.0,-13433.000000000002,0.0066099166870117,0,True,18,15,True,31,32,0.7246401309967041,42.75839614868164,-50039.88640501926,2025-11-19 22:15:30
ba_64_1_2.txt,barabasi_albert_10ins_m20,46,SpecAnn-NCV,0.5019646441105269,1.0,-14687.0,-13433.000000000002,0.0066332817077636,0,True,18,15,True,32,32,0.7231343388557434,42.48461151123047,-49616.16155259755,2025-11-19 22:15:30
ba_64_1_2.txt,barabasi_albert_10ins_m20,46,SpecAnn-NCV,0.5097475058154177,1.0,-14687.0,-13433.000000000002,0.0066423416137695,0,True,18,15,True,33,32,0.7216404676437378,42.21714782714844,-49201.94771541766,2025-11-19 22:15:30
ba_64_1_2.txt,barabasi_albert_10ins_m20,46,SpecAnn-NCV,0.51741331199832,1.0,-14687.0,-13433.000000000002,0.0066289901733398,0,True,18,15,True,34,32,0.7201582193374634,41.95569610595703,-48796.80412894856,2025-11-19 22:15:30
ba_64_1_2.txt,barabasi_albert_10ins_m20,46,SpecAnn-NCV,0.5249671905758515,1.0,-14687.0,-13433.000000000002,0.0066380500793457,0,True,18,15,True,35,32,0.7186867594718933,41.69998550415039,-48400.30233498447,2025-11-19 22:15:30
ba_64_1_2.txt,barabasi_albert_10ins_m20,46,SpecAnn-NCV,0.5324139056496683,1.0,-14687.0,-13433.000000000002,0.0066344738006591,0,True,18,15,True,36,32,0.7172254920005798,41.44974899291992,-48012.03883281726,2025-11-19 22:15:30
ba_64_1_2.txt,barabasi_albert_10ins_m20,46,SpecAnn-NCV,0.5397578926492556,1.0,-14687.0,-13433.000000000002,0.0066380500793457,0,True,18,15,True,37,32,0.7157739400863647,41.20475006103516,-47631.65737685953,2025-11-19 22:15:30
ba_64_1_2.txt,barabasi_albert_10ins_m20,46,SpecAnn-NCV,0.5470032892270364,1.0,-14687.0,-13433.000000000002,0.006631851196289,0,True,18,15,True,38,32,0.7143316864967346,40.96476745605469,-47258.826749485605,2025-11-19 22:15:30
ba_64_1_2.txt,barabasi_albert_10ins_m20,46,SpecAnn-NCV,0.554153962516942,1.0,-14687.0,-13433.000000000002,0.0066492557525634,0,True,18,15,True,39,32,0.7128981947898865,40.72957611083984,-46893.20667361964,2025-11-19 22:15:30
ba_64_1_2.txt,barabasi_albert_10ins_m20,46,SpecAnn-NCV,0.5612135332663137,1.0,-14687.0,-13433.000000000002,0.0066375732421875,0,True,18,15,True,40,32,0.7114729881286621,40.49899673461914,-46534.51669013274,2025-11-19 22:15:30
ba_64_1_2.txt,barabasi_albert_10ins_m20,46,SpecAnn-NCV,0.5681853972686127,1.0,-14687.0,-13433.000000000002,0.0066115856170654,0,True,18,15,True,41,32,0.7100557684898376,40.27284240722656,-46182.48196454441,2025-11-19 22:15:30
ba_64_1_2.txt,barabasi_albert_10ins_m20,46,SpecAnn-NCV,0.5750727444570146,1.0,-14687.0,-13433.000000000002,0.0066251754760742,0,True,18,15,True,42,32,0.7086459994316101,40.050926208496094,-45836.81473935793,2025-11-19 22:15:30
ba_64_1_2.txt,barabasi_albert_10ins_m20,46,SpecAnn-NCV,0.5818785759635375,1.0,-14687.0,-13433.000000000002,0.0066337585449218,0,True,18,15,True,43,32,0.7072435021400452,39.833106994628906,-45497.30533858077,2025-11-19 22:15:30
ba_64_1_2.txt,barabasi_albert_10ins_m20,46,SpecAnn-NCV,0.5886057194025436,1.0,-14687.0,-13433.000000000002,0.0066132545471191,0,True,18,15,True,44,32,0.7058477997779846,39.61921691894531,-45163.69640223026,2025-11-19 22:15:30
ba_64_1_2.txt,barabasi_albert_10ins_m20,46,SpecAnn-NCV,0.5952568425994088,1.0,-14687.0,-13433.000000000002,0.0066306591033935,0,True,18,15,True,45,32,0.7044587731361389,39.409122467041016,-44835.794832558255,2025-11-19 22:15:30
ba_64_1_2.txt,barabasi_albert_10ins_m20,46,SpecAnn-NCV,0.6018344659534288,1.0,-14687.0,-13433.000000000002,0.006603717803955,0,True,18,15,True,46,32,0.7030758857727051,39.20268249511719,-44513.37406267183,2025-11-19 22:15:30
ba_64_1_2.txt,barabasi_albert_10ins_m20,46,SpecAnn-NCV,0.6083409735974393,1.0,-14687.0,-13433.000000000002,0.0066275596618652,0,True,18,15,True,47,32,0.701698899269104,38.99977111816406,-44196.24579156079,2025-11-19 22:15:30
ba_64_1_2.txt,barabasi_albert_10ins_m20,46,SpecAnn-NCV,0.6147786234942719,1.0,-14687.0,-13433.000000000002,0.0066194534301757,0,True,18,15,True,48,32,0.7003276348114014,38.80026626586914,-43884.23140700642,2025-11-19 22:15:30
ba_64_1_2.txt,barabasi_albert_10ins_m20,46,SpecAnn-NCV,0.6211495565912796,1.0,-14687.0,-13433.000000000002,0.0066380500793457,0,True,18,15,True,49,32,0.6989617943763733,38.60405731201172,-43577.15928795448,2025-11-19 22:15:30
ba_64_1_2.txt,barabasi_albert_10ins_m20,46,SpecAnn-NCV,0.6274558051381586,1.0,-14687.0,-13433.000000000002,0.0066084861755371,0,True,18,15,True,50,32,0.6976010799407959,38.41102981567383,-43274.85504789926,2025-11-19 22:15:30
ba_64_1_2.txt,barabasi_albert_10ins_m20,46,SpecAnn-NCV,0.6336993002596786,1.0,-14687.0,-13433.000000000002,0.0065979957580566,0,True,18,15,True,51,32,0.6962454319000244,38.22108459472656,-42977.17771541857,2025-11-19 22:15:30
ba_64_1_2.txt,barabasi_albert_10ins_m20,46,SpecAnn-NCV,0.6398818788633085,1.0,-14687.0,-13353.0,0.0066370964050292,0,True,18,15,True,52,32,0.6948944330215454,38.03412628173828,-42683.96972809968,2025-11-19 22:15:30
ba_64_1_2.txt,barabasi_albert_10ins_m20,46,SpecAnn-NCV,0.6460052899517691,1.0,-14687.0,-13353.0,0.0066447257995605,0,True,18,15,True,53,32,0.6935480237007141,37.85005187988281,-42395.08831539349,2025-11-19 22:15:30
ba_64_1_2.txt,barabasi_albert_10ins_m20,46,SpecAnn-NCV,0.6520712004019966,1.0,-14687.0,-13353.0,0.0066375732421875,0,True,18,15,True,54,32,0.6922059059143066,37.66877746582031,-42110.3986221163,2025-11-19 22:15:30
ba_64_1_2.txt,barabasi_albert_10ins_m20,46,SpecAnn-NCV,0.6580812002646271,1.0,-14687.0,-13353.0,0.0066242218017578,0,True,18,15,True,55,32,0.6908679008483887,37.4902229309082,-41829.7784640627,2025-11-19 22:15:30
ba_64_1_2.txt,barabasi_albert_10ins_m20,46,SpecAnn-NCV,0.6640368076317485,1.0,-14687.0,-13353.0,0.0066349506378173,0,True,18,15,True,56,32,0.6895338296890259,37.31430816650391,-41553.10666677718,2025-11-19 22:15:30
ba_64_1_2.txt,barabasi_albert_10ins_m20,46,SpecAnn-NCV,0.6699394731151429,1.0,-14687.0,-13353.0,0.0066132545471191,0,True,18,15,True,57,32,0.6882034540176392,37.14094924926758,-41280.25523752626,2025-11-19 22:15:30
ba_64_1_2.txt,barabasi_albert_10ins_m20,46,SpecAnn-NCV,0.6757905839724513,1.0,-14601.000000000002,-13121.0,0.0066611766815185,0,True,18,15,True,58,32,0.6868767738342285,36.9700813293457,-41011.13265990239,2025-11-19 22:15:30
ba_64_1_2.txt,barabasi_albert_10ins_m20,46,SpecAnn-NCV,0.6815914679145113,1.0,-14601.000000000002,-13121.0,0.0066075325012207,0,True,18,15,True,59,32,0.6855534911155701,36.80162811279297,-40745.61767981134,2025-11-19 22:15:30
ba_64_1_2.txt,barabasi_albert_10ins_m20,46,SpecAnn-NCV,0.6873433966234707,1.0,-14601.000000000002,-13121.0,0.0066108703613281,0,True,18,15,True,60,32,0.6842334866523743,36.63552474975586,-40483.61332830666,2025-11-19 22:15:30
ba_64_1_2.txt,barabasi_albert_10ins_m20,46,SpecAnn-NCV,0.6930475890080863,1.0,-14601.000000000002,-13121.0,0.0066194534301757,0,True,18,15,True,61,32,0.6829166412353516,36.47170639038086,-40225.0233936089,2025-11-19 22:15:30
ba_64_1_2.txt,barabasi_albert_10ins_m20,46,SpecAnn-NCV,0.6987052142198116,1.0,-14601.000000000002,-13121.0,0.0066120624542236,0,True,18,15,True,62,32,0.6816027760505676,36.31011199951172,-39969.75311718236,2025-11-19 22:15:30
ba_64_1_2.txt,barabasi_albert_10ins_m20,46,SpecAnn-NCV,0.7043173944508145,1.0,-14601.000000000002,-13121.0,0.0066087245941162,0,True,18,15,True,63,32,0.6802917718887329,36.15068435668945,-39717.71618234414,2025-11-19 22:15:30
ba_64_1_2.txt,barabasi_albert_10ins_m20,46,SpecAnn-NCV,0.709885207532891,1.0,-14601.000000000002,-13121.0,0.0066084861755371,0,True,18,15,True,64,32,0.6789834499359131,35.99336242675781,-39468.8192934316,2025-11-19 22:15:30
ba_64_1_2.txt,barabasi_albert_10ins_m20,46,SpecAnn-NCV,0.7154096893543218,1.0,-14601.000000000002,-13121.0,0.0066072940826416,0,True,18,15,True,65,32,0.6776778101921082,35.838096618652344,-39222.99278334015,2025-11-19 22:15:30
ba_64_1_2.txt,barabasi_albert_10ins_m20,46,SpecAnn-NCV,0.7208918361100219,1.0,-14601.000000000002,-13121.0,0.0066084861755371,0,True,18,15,True,66,32,0.6763745546340942,35.684837341308594,-38980.15028172708,2025-11-19 22:15:30
ba_64_1_2.txt,barabasi_albert_10ins_m20,46,SpecAnn-NCV,0.7263326063988248,1.0,-14601.000000000002,-13121.0,0.0065920352935791,0,True,18,15,True,67,32,0.6750736832618713,35.53352355957031,-38740.21080524005,2025-11-19 22:15:30
ba_64_1_2.txt,barabasi_albert_10ins_m20,46,SpecAnn-NCV,0.7317329231804058,1.0,-14601.000000000002,-13121.0,0.0066220760345458,0,True,18,15,True,68,32,0.6737750768661499,35.384117126464844,-38503.11202231039,2025-11-19 22:15:30
ba_64_1_2.txt,barabasi_albert_10ins_m20,46,SpecAnn-NCV,0.7370936756031579,1.0,-14601.000000000002,-13121.0,0.0066065788269042,0,True,18,15,True,69,32,0.6724786162376404,35.236572265625,-38268.78379340437,2025-11-19 22:15:30
ba_64_1_2.txt,barabasi_albert_10ins_m20,46,SpecAnn-NCV,0.7424157207132704,1.0,-14601.000000000002,-13121.0,0.0065956115722656,0,True,18,15,True,70,32,0.6711841225624084,35.09083557128906,-38037.1448678793,2025-11-19 22:15:30
ba_64_1_2.txt,barabasi_albert_10ins_m20,46,SpecAnn-NCV,0.7476998850543153,1.0,-14601.000000000002,-13121.0,0.0066473484039306,0,True,18,15,True,71,32,0.6698917150497437,34.946868896484375,-37808.14797420541,2025-11-19 22:15:30
ba_64_1_2.txt,barabasi_albert_10ins_m20,46,SpecAnn-NCV,0.7529469661657903,1.0,-14601.000000000002,-13121.0,0.0066545009613037,0,True,18,15,True,72,32,0.6686009764671326,34.80463409423828,-37581.71593069719,2025-11-19 22:15:30
ba_64_1_2.txt,barabasi_albert_10ins_m20,46,SpecAnn-NCV,0.7581577339883167,1.0,-14601.000000000002,-13121.0,0.006657600402832,0,True,18,15,True,73,32,0.6673120260238647,34.66408920288086,-37357.798207937936,2025-11-19 22:15:30
ba_64_1_2.txt,barabasi_albert_10ins_m20,46,SpecAnn-NCV,0.7633329321824984,1.0,-14601.000000000002,-13121.0,0.006667137145996,0,True,18,15,True,74,32,0.6660247445106506,34.52519226074219,-37136.33125274669,2025-11-19 22:15:30
ba_64_1_2.txt,barabasi_albert_10ins_m20,46,SpecAnn-NCV,0.7684732793678399,1.0,-14601.000000000002,-13121.0,0.0066184997558593,0,True,18,15,True,75,32,0.6647389531135559,34.38791275024414,-36917.26097099251,2025-11-19 22:15:30
ba_64_1_2.txt,barabasi_albert_10ins_m20,46,SpecAnn-NCV,0.7735794702875677,1.0,-14601.000000000002,-13121.0,0.0066206455230712,0,True,18,15,True,76,32,0.6634545922279358,34.25220489501953,-36700.52394992561,2025-11-19 22:15:30
ba_64_1_2.txt,barabasi_albert_10ins_m20,46,SpecAnn-NCV,0.7786521769046981,1.0,-14601.000000000002,-13121.0,0.0066015720367431,0,True,18,15,True,77,32,0.6621716618537903,34.1180419921875,-36486.08091274018,2025-11-19 22:15:30
ba_64_1_2.txt,barabasi_albert_10ins_m20,46,SpecAnn-NCV,0.7836920494342511,1.0,-14601.000000000002,-13121.0,0.0065689086914062,0,True,18,15,True,78,32,0.6608899831771851,33.98539352416992,-36273.87893945076,2025-11-19 22:15:30
ba_64_1_2.txt,barabasi_albert_10ins_m20,46,SpecAnn-NCV,0.788699717316095,1.0,-14601.000000000002,-13121.0,0.0065975189208984,0,True,18,15,True,79,32,0.6596095561981201,33.854217529296875,-36063.86312089362,2025-11-19 22:15:30
ba_64_1_2.txt,barabasi_albert_10ins_m20,46,SpecAnn-NCV,0.7936757901325451,1.0,-14601.000000000002,-13121.0,0.0066030025482177,0,True,18,15,True,80,32,0.6583302617073059,33.724491119384766,-35855.992699281014,2025-11-19 22:15:30
ba_64_1_2.txt,barabasi_albert_10ins_m20,46,SpecAnn-NCV,0.7986208584745024,1.0,-14601.000000000002,-13121.0,0.0066156387329101,0,True,18,15,True,81,32,0.6570519804954529,33.5961799621582,-35650.21507866658,2025-11-19 22:15:30
ba_64_1_2.txt,barabasi_albert_10ins_m20,46,SpecAnn-NCV,0.803535494759617,1.0,-14601.000000000002,-13121.0,0.0066027641296386,0,True,18,15,True,82,32,0.6557747721672058,33.46925354003906,-35446.49176544329,2025-11-19 22:15:30
ba_64_1_2.txt,barabasi_albert_10ins_m20,46,SpecAnn-NCV,0.8084202540056837,1.0,-14601.000000000002,-13121.0,0.0066101551055908,0,True,18,15,True,83,32,0.6544983983039856,33.34368896484375,-35244.776498973966,2025-11-19 22:15:30
ba_64_1_2.txt,barabasi_albert_10ins_m20,46,SpecAnn-NCV,0.8132756745622272,1.0,-14601.000000000002,-13121.0,0.006648302078247,0,True,18,15,True,84,32,0.653222918510437,33.219451904296875,-35045.02732865067,2025-11-19 22:15:30
ba_64_1_2.txt,barabasi_albert_10ins_m20,46,SpecAnn-NCV,0.8181022788030096,1.0,-14601.000000000002,-13121.0,0.0066065788269042,0,True,18,15,True,85,32,0.6519482135772705,33.09651565551758,-34847.201025453665,2025-11-19 22:15:30
ba_64_1_2.txt,barabasi_albert_10ins_m20,46,SpecAnn-NCV,0.822900573781978,1.0,-14601.000000000002,-13121.0,0.0066068172454833,0,True,18,15,True,86,32,0.6506742238998413,32.97486114501953,-34651.2658767411,2025-11-19 22:15:30
ba_64_1_2.txt,barabasi_albert_10ins_m20,46,SpecAnn-NCV,0.8276710518549868,1.0,-14601.000000000002,-13121.0,0.0065686702728271,0,True,18,15,True,87,32,0.6494008898735046,32.854461669921875,-34457.18238129098,2025-11-19 22:15:30
ba_64_1_2.txt,barabasi_albert_10ins_m20,46,SpecAnn-NCV,0.8324141912694495,1.0,-14601.000000000002,-13121.0,0.006577730178833,0,True,18,15,True,88,32,0.6481281518936157,32.73529052734375,-34264.91131216844,2025-11-19 22:15:30
ba_64_1_2.txt,barabasi_albert_10ins_m20,46,SpecAnn-NCV,0.8371304567239225,1.0,-14601.000000000002,-13121.0,0.0065593719482421,0,True,18,15,True,89,32,0.646855890750885,32.6173210144043,-34074.41057546828,2025-11-19 22:15:30
ba_64_1_2.txt,barabasi_albert_10ins_m20,46,SpecAnn-NCV,0.8418202998994706,1.0,-14601.000000000002,-13121.0,0.0065782070159912,0,True,18,15,True,90,32,0.6455841660499573,32.50053787231445,-33885.65971113418,2025-11-19 22:15:30
ba_64_1_2.txt,barabasi_albert_10ins_m20,46,SpecAnn-NCV,0.846484159964536,1.0,-14601.000000000002,-12621.000000000002,0.0065810680389404,0,True,18,15,True,91,32,0.6443127989768982,32.384910583496094,-33698.60999801034,2025-11-19 22:15:30
ba_64_1_2.txt,barabasi_albert_10ins_m20,46,SpecAnn-NCV,0.8511224640549078,1.0,-14601.000000000002,-12621.000000000002,0.0065739154815673,0,True,18,15,True,92,32,0.6430418491363525,32.27042770385742,-33513.245337521774,2025-11-19 22:15:30
ba_64_1_2.txt,barabasi_albert_10ins_m20,46,SpecAnn-NCV,0.8557356277302758,1.0,-14601.000000000002,-12621.000000000002,0.006580114364624,0,True,18,15,True,93,32,0.6417711973190308,32.15705871582031,-33329.520630011255,2025-11-19 22:15:30
ba_64_1_2.txt,barabasi_albert_10ins_m20,46,SpecAnn-NCV,0.8603240554087516,1.0,-14601.000000000002,-12621.000000000002,0.0065701007843017,0,True,18,15,True,94,32,0.6405007243156433,32.04478454589844,-33147.40295518149,2025-11-19 22:15:30
ba_64_1_2.txt,barabasi_albert_10ins_m20,46,SpecAnn-NCV,0.86488814078064,1.0,-14601.000000000002,-12621.000000000002,0.0065979957580566,0,True,18,15,True,95,32,0.639230489730835,31.93359375,-32966.87673626002,2025-11-19 22:15:30
ba_64_1_2.txt,barabasi_albert_10ins_m20,46,SpecAnn-NCV,0.8694282672026621,1.0,-14601.000000000002,-12621.000000000002,0.0066158771514892,0,True,18,15,True,96,32,0.6379603743553162,31.823457717895508,-32787.89957336755,2025-11-19 22:15:30
ba_64_1_2.txt,barabasi_albert_10ins_m20,46,SpecAnn-NCV,0.8739448080737451,1.0,-14601.000000000002,-12621.000000000002,0.0066096782684326,0,True,18,15,True,97,32,0.6366903781890869,31.71436309814453,-32610.45118349862,2025-11-19 22:15:30
ba_64_1_2.txt,barabasi_albert_10ins_m20,46,SpecAnn-NCV,0.878438127193422,1.0,-14601.000000000002,-12621.000000000002,0.0065679550170898,0,True,18,15,True,98,32,0.6354204416275024,31.60628700256348,-32434.498565279777,2025-11-19 22:15:30
ba_64_1_2.txt,barabasi_albert_10ins_m20,46,SpecAnn-NCV,0.8829085791038153,1.0,-14601.000000000002,-12621.000000000002,0.0065977573394775,0,True,18,15,True,99,32,0.634150505065918,31.499217987060547,-32260.02066801657,2025-11-19 22:15:30
ba_64_1_2.txt,barabasi_albert_10ins_m20,46,SpecAnn-NCV,0.8873565094161138,1.0,-14601.000000000002,-12621.000000000002,0.0066394805908203,0,True,18,15,True,100,32,0.632880449295044,31.39313125610352,-32086.97990783785,2025-11-19 22:15:30
ba_64_1_2.txt,barabasi_albert_10ins_m20,46,SpecAnn-NCV,0.8917822551223932,1.0,-14601.000000000002,-12621.000000000002,0.0066120624542236,0,True,18,15,True,101,32,0.6316103935241699,31.288015365600582,-31915.36465171648,2025-11-19 22:15:30
ba_64_1_2.txt,barabasi_albert_10ins_m20,46,SpecAnn-NCV,0.8961861448935777,1.0,-14601.000000000002,-12621.000000000002,0.0065712928771972,0,True,18,15,True,102,32,0.6303401589393616,31.183853149414062,-31745.142445127545,2025-11-19 22:15:30
ba_64_1_2.txt,barabasi_albert_10ins_m20,46,SpecAnn-NCV,0.9005684993642872,1.0,-14803.0,-12995.0,0.0066044330596923,0,True,18,15,True,103,32,0.6290697455406189,31.08062744140625,-31576.290069230254,2025-11-19 22:15:30
ba_64_1_2.txt,barabasi_albert_10ins_m20,46,SpecAnn-NCV,0.9049296314052688,1.0,-14803.0,-12995.0,0.0066170692443847,0,True,18,15,True,104,32,0.6277990937232971,30.978321075439453,-31408.78146241178,2025-11-19 22:15:30
ba_64_1_2.txt,barabasi_albert_10ins_m20,46,SpecAnn-NCV,0.9092698463840684,1.0,-14803.0,-12995.0,0.0065724849700927,0,True,18,15,True,105,32,0.6265281438827515,30.876922607421875,-31242.59653121362,2025-11-19 22:15:31
ba_64_1_2.txt,barabasi_albert_10ins_m20,46,SpecAnn-NCV,0.9135894424145556,1.0,-14803.0,-12995.0,0.006584882736206,0,True,18,15,True,106,32,0.6252569556236267,30.776416778564453,-31077.71738585012,2025-11-19 22:15:31
ba_64_1_2.txt,barabasi_albert_10ins_m20,46,SpecAnn-NCV,0.9178887105958816,1.0,-14803.0,-12995.0,0.0065748691558837,0,True,18,15,True,107,32,0.6239854097366333,30.676788330078125,-30914.117361909648,2025-11-19 22:15:31
ba_64_1_2.txt,barabasi_albert_10ins_m20,46,SpecAnn-NCV,0.922167935241408,1.0,-14803.0,-12995.0,0.006587266921997,0,True,18,15,True,108,32,0.6227134466171265,30.578022003173828,-30751.772937814087,2025-11-19 22:15:31
ba_64_1_2.txt,barabasi_albert_10ins_m20,46,SpecAnn-NCV,0.92642739409812,1.0,-14803.0,-12995.0,0.0065886974334716,0,True,18,15,True,109,32,0.6214410066604614,30.480104446411133,-30590.66266632439,2025-11-19 22:15:31
ba_64_1_2.txt,barabasi_albert_10ins_m20,46,SpecAnn-NCV,0.9306673585570006,1.0,-14803.0,-12995.0,0.0066380500793457,0,True,18,15,True,110,32,0.620168149471283,30.38302230834961,-30430.771093306925,2025-11-19 22:15:31
ba_64_1_2.txt,barabasi_albert_10ins_m20,46,SpecAnn-NCV,0.9348880938548184,1.0,-14803.0,-12995.0,0.0065698623657226,0,True,18,15,True,111,32,0.6188948154449463,30.286762237548828,-30272.077002573893,2025-11-19 22:15:31
ba_64_1_2.txt,barabasi_albert_10ins_m20,46,SpecAnn-NCV,0.9390898592677528,1.0,-14803.0,-12995.0,0.00657320022583,0,True,18,15,True,112,32,0.6176209449768066,30.191314697265625,-30114.56312616901,2025-11-19 22:15:31
ba_64_1_2.txt,barabasi_albert_10ins_m20,46,SpecAnn-NCV,0.9432729082972536,1.0,-14803.0,-12995.0,0.0065789222717285,0,True,18,15,True,113,32,0.6163464784622192,30.096660614013672,-29958.20281441564,2025-11-19 22:15:31
ba_64_1_2.txt,barabasi_albert_10ins_m20,46,SpecAnn-NCV,0.9474374888485204,1.0,-14803.0,-12995.0,0.0065908432006835,0,True,18,15,True,114,32,0.6150714159011841,30.00279426574707,-29802.98575729034,2025-11-19 22:15:31
ba_64_1_2.txt,barabasi_albert_10ins_m20,46,SpecAnn-NCV,0.9515838434019476,1.0,-14803.0,-12995.0,0.0066289901733398,0,True,18,15,True,115,32,0.6137956976890564,29.909698486328125,-29648.88746388741,2025-11-19 22:15:31
ba_64_1_2.txt,barabasi_albert_10ins_m20,46,SpecAnn-NCV,0.9557122091778746,1.0,-14803.0,-12995.0,0.0065574645996093,0,True,18,15,True,116,32,0.6125193238258362,29.81736946105957,-29495.89969359365,2025-11-19 22:15:31
ba_64_1_2.txt,barabasi_albert_10ins_m20,46,SpecAnn-NCV,0.9598228182949629,1.0,-14803.0,-12995.0,0.0065431594848632,0,True,18,15,True,117,32,0.6112422347068787,29.72578811645508,-29343.996308111164,2025-11-19 22:15:31
ba_64_1_2.txt,barabasi_albert_10ins_m20,46,SpecAnn-NCV,0.963915897922488,1.0,-14803.0,-12995.0,0.0065703392028808,0,True,18,15,True,118,32,0.6099643707275391,29.634944915771484,-29193.160751256542,2025-11-19 22:15:31
ba_64_1_2.txt,barabasi_albert_10ins_m20,46,SpecAnn-NCV,0.967991670426842,1.0,-14803.0,-12995.0,0.0066003799438476,0,True,18,15,True,119,32,0.6086857914924622,29.54483222961425,-29043.384138164536,2025-11-19 22:15:31
ba_64_1_2.txt,barabasi_albert_10ins_m20,46,SpecAnn-NCV,0.9720503535125016,1.0,-14803.0,-13109.000000000002,0.0066313743591308,0,True,18,15,True,120,32,0.6074062585830688,29.45543670654297,-28894.637816835424,2025-11-19 22:15:31
ba_64_1_2.txt,barabasi_albert_10ins_m20,46,SpecAnn-NCV,0.9760921603577252,1.0,-14803.0,-13109.000000000002,0.0065724849700927,0,True,18,15,True,121,32,0.606126070022583,29.366748809814453,-28746.92255337462,2025-11-19 22:15:31
ba_64_1_2.txt,barabasi_albert_10ins_m20,46,SpecAnn-NCV,0.9801172997452104,1.0,-14803.0,-13109.000000000002,0.0065627098083496,0,True,18,15,True,122,32,0.6048449277877808,29.27875518798828,-28600.207106342736,2025-11-19 22:15:31
ba_64_1_2.txt,barabasi_albert_10ins_m20,46,SpecAnn-NCV,0.9841259761879442,1.0,-14803.0,-13109.000000000002,0.0065958499908447,0,True,18,15,True,123,32,0.6035629510879517,29.191452026367188,-28454.48947449612,2025-11-19 22:15:31
ba_64_1_2.txt,barabasi_albert_10ins_m20,46,SpecAnn-NCV,0.9881183900504562,1.0,-14803.0,-13109.000000000002,0.0066008567810058,0,True,18,15,True,124,32,0.6022799611091614,29.10482406616211,-28309.742475251216,2025-11-19 22:15:31
ba_64_1_2.txt,barabasi_albert_10ins_m20,46,SpecAnn-NCV,0.9920947376656812,1.0,-14803.0,-13109.000000000002,0.0065715312957763,0,True,18,15,True,125,32,0.6009960770606995,29.01886558532715,-28165.96236971637,2025-11-19 22:15:31
ba_64_1_2.txt,barabasi_albert_10ins_m20,46,SpecAnn-NCV,0.9960552114476228,1.0,-14803.0,-13109.000000000002,0.0065672397613525,0,True,18,15,True,126,32,0.5997112393379211,28.93356704711914,-28023.13334395587,2025-11-19 22:15:31
ba_64_1_2.txt,barabasi_albert_10ins_m20,46,SpecAnn-NCV,1.0,1.0,-14803.0,-13109.000000000002,0.0065774917602539,0,True,18,15,True,127,32,0.5984253287315369,28.848915100097656,-27881.233226253484,2025-11-19 22:15:31
ba_64_1_2.txt,barabasi_albert_10ins_m20,47,SpecAnn-NCV,0.0,1.0,-14609.000000000002,-12785.0,0.012775182723999,0,True,32,29,True,0,32,0.800058126449585,65.0,-83986.10182404518,2025-11-19 22:15:31
ba_64_1_2.txt,barabasi_albert_10ins_m20,47,SpecAnn-NCV,0.0887356509416113,1.0,-14609.000000000002,-12785.0,0.0066027641296386,0,True,32,15,True,1,32,0.7888097763061523,60.13826370239258,-76611.80529671737,2025-11-19 22:15:31
ba_64_1_2.txt,barabasi_albert_10ins_m20,47,SpecAnn-NCV,0.1254911610276317,1.0,-14609.000000000002,-12785.0,0.0066444873809814,0,True,32,15,True,2,32,0.7838965058326721,58.25138092041016,-73745.83215095157,2025-11-19 22:15:31
ba_64_1_2.txt,barabasi_albert_10ins_m20,47,SpecAnn-NCV,0.1536946558735679,1.0,-14609.000000000002,-12785.0,0.006601333618164,0,True,32,15,True,3,32,0.7800198197364807,56.851051330566406,-71617.08909927699,2025-11-19 22:15:31
ba_64_1_2.txt,barabasi_albert_10ins_m20,47,SpecAnn-NCV,0.1774713018832227,1.0,-14609.000000000002,-12785.0,0.0066001415252685,0,True,32,15,True,4,32,0.7766770124435425,55.70153045654297,-69868.28869558606,2025-11-19 22:15:31
ba_64_1_2.txt,barabasi_albert_10ins_m20,47,SpecAnn-NCV,0.1984189475331362,1.0,-14609.000000000002,-12785.0,0.0065863132476806,0,True,32,15,True,5,32,0.7736740112304688,54.71164321899414,-68361.2969994529,2025-11-19 22:15:31
ba_64_1_2.txt,barabasi_albert_10ins_m20,47,SpecAnn-NCV,0.2173570668006655,1.0,-14609.000000000002,-12785.0,0.0066120624542236,0,True,32,15,True,6,32,0.7709111571311951,53.83471298217773,-67025.37611945,2025-11-19 22:15:31
ba_64_1_2.txt,barabasi_albert_10ins_m20,47,SpecAnn-NCV,0.2347724648169381,1.0,-14609.000000000002,-12985.000000000002,0.0066237449645996,0,True,32,15,True,7,32,0.7683293223381042,53.043060302734375,-65818.57980207965,2025-11-19 22:15:31
ba_64_1_2.txt,barabasi_albert_10ins_m20,47,SpecAnn-NCV,0.2509823220552634,1.0,-14609.000000000002,-12985.000000000002,0.0065891742706298,0,True,32,15,True,8,32,0.7658901214599609,52.318660736083984,-64713.60786263769,2025-11-19 22:15:31
ba_64_1_2.txt,barabasi_albert_10ins_m20,47,SpecAnn-NCV,0.2662069528248341,1.0,-14609.000000000002,-12985.000000000002,0.0065996646881103,0,True,32,15,True,9,32,0.7635669112205505,51.64904022216797,-63691.55944756404,2025-11-19 22:15:31
ba_64_1_2.txt,barabasi_albert_10ins_m20,47,SpecAnn-NCV,0.2806067666331568,1.0,-14609.000000000002,-12985.000000000002,0.0065894126892089,0,True,32,15,True,10,32,0.7613402009010315,51.02510833740234,-62738.6579656406,2025-11-19 22:15:31
ba_64_1_2.txt,barabasi_albert_10ins_m20,47,SpecAnn-NCV,0.2943028597012718,1.0,-14609.000000000002,-12985.000000000002,0.0065670013427734,0,True,32,15,True,11,32,0.7591955661773682,50.44002151489258,-61844.55271757596,2025-11-19 22:15:31
ba_64_1_2.txt,barabasi_albert_10ins_m20,47,SpecAnn-NCV,0.3073893117471359,1.0,-14609.000000000002,-12985.000000000002,0.0065894126892089,0,True,32,15,True,12,32,0.7571213841438293,49.88847351074219,-61001.18263940056,2025-11-19 22:15:31
ba_64_1_2.txt,barabasi_albert_10ins_m20,47,SpecAnn-NCV,0.3199409394316542,1.0,-14609.000000000002,-12985.000000000002,0.0065574645996093,0,True,32,15,True,13,32,0.7551087737083435,49.366249084472656,-60202.1738111422,2025-11-19 22:15:31
ba_64_1_2.txt,barabasi_albert_10ins_m20,47,SpecAnn-NCV,0.3320184038158743,1.0,-14609.000000000002,-12985.000000000002,0.006596565246582,0,True,32,15,True,14,32,0.7531503438949585,48.86992645263672,-59442.339090988346,2025-11-19 22:15:31
ba_64_1_2.txt,barabasi_albert_10ins_m20,47,SpecAnn-NCV,0.3436716983117353,1.0,-14803.0,-13065.0,0.0066046714782714,0,True,32,15,True,15,32,0.7512401938438416,48.396705627441406,-58717.44408489431,2025-11-19 22:15:31
ba_64_1_2.txt,barabasi_albert_10ins_m20,47,SpecAnn-NCV,0.3549426037664455,1.0,-14803.0,-13065.0,0.0065901279449462,0,True,32,15,True,16,32,0.749373197555542,47.94424057006836,-58023.92810948829,2025-11-19 22:15:31
ba_64_1_2.txt,barabasi_albert_10ins_m20,47,SpecAnn-NCV,0.3658664615902029,1.0,-14803.0,-13065.0,0.006638765335083,0,True,32,15,True,17,32,0.7475452423095703,47.51054763793945,-57358.79841171609,2025-11-19 22:15:31
ba_64_1_2.txt,barabasi_albert_10ins_m20,47,SpecAnn-NCV,0.3764734830828951,1.0,-14803.0,-13065.0,0.0066075325012207,0,True,32,15,True,18,32,0.7457524538040161,47.09394836425781,-56719.49049642331,2025-11-19 22:15:31
ba_64_1_2.txt,barabasi_albert_10ins_m20,47,SpecAnn-NCV,0.3867897351437838,1.0,-14803.0,-13065.0,0.0066266059875488,0,True,32,15,True,19,32,0.7439919114112854,46.69297409057617,-56103.79999464751,2025-11-19 22:15:31
ba_64_1_2.txt,barabasi_albert_10ins_m20,47,SpecAnn-NCV,0.3968378950662725,1.0,-14803.0,-13065.0,0.0065994262695312,0,True,32,15,True,20,32,0.7422609329223633,46.30636978149414,-55509.825913329536,2025-11-19 22:15:31
ba_64_1_2.txt,barabasi_albert_10ins_m20,47,SpecAnn-NCV,0.4066378372811136,1.0,-14803.0,-13433.000000000002,0.0066478252410888,0,True,32,15,True,21,32,0.7405570149421692,45.93302154541016,-54935.87443655341,2025-11-19 22:15:31
ba_64_1_2.txt,barabasi_albert_10ins_m20,47,SpecAnn-NCV,0.4162070956347247,1.0,-14803.0,-13433.000000000002,0.0066103935241699,0,True,32,15,True,22,32,0.738878071308136,45.57196044921875,-54380.477421555785,2025-11-19 22:15:31
ba_64_1_2.txt,barabasi_albert_10ins_m20,47,SpecAnn-NCV,0.4255612320274539,1.0,-14803.0,-13433.000000000002,0.0066084861755371,0,True,32,15,True,23,32,0.7372221946716309,45.22232055664063,-53842.32093039063,2025-11-19 22:15:31
ba_64_1_2.txt,barabasi_albert_10ins_m20,47,SpecAnn-NCV,0.434714133601331,1.0,-14803.0,-13433.000000000002,0.0065820217132568,0,True,32,15,True,24,32,0.7355878353118896,44.883331298828125,-53320.246506381554,2025-11-19 22:15:31
ba_64_1_2.txt,barabasi_albert_10ins_m20,47,SpecAnn-NCV,0.4436782547080569,1.0,-14803.0,-13433.000000000002,0.0066127777099609,0,True,32,15,True,25,32,0.7339735627174377,44.55430603027344,-52813.21761128015,2025-11-19 22:15:31
ba_64_1_2.txt,barabasi_albert_10ins_m20,47,SpecAnn-NCV,0.4524648157026343,1.0,-14803.0,-13433.000000000002,0.0065894126892089,0,True,32,15,True,26,32,0.732377827167511,44.234619140625,-52320.27361664623,2025-11-19 22:15:31
ba_64_1_2.txt,barabasi_albert_10ins_m20,47,SpecAnn-NCV,0.4610839676207039,1.0,-14803.0,-13433.000000000002,0.006587266921997,0,True,32,15,True,27,32,0.7307994365692139,43.92371368408203,-51840.57171795271,2025-11-19 22:15:31
ba_64_1_2.txt,barabasi_albert_10ins_m20,47,SpecAnn-NCV,0.4695449296338763,1.0,-14803.0,-13433.000000000002,0.0065855979919433,0,True,32,15,True,28,32,0.7292375564575195,43.6210823059082,-51373.36232533044,2025-11-19 22:15:31
ba_64_1_2.txt,barabasi_albert_10ins_m20,47,SpecAnn-NCV,0.4778561045889373,1.0,-14803.0,-13433.000000000002,0.0065727233886718,0,True,32,15,True,29,32,0.7276909947395325,43.326263427734375,-50917.93274730121,2025-11-19 22:15:31
ba_64_1_2.txt,barabasi_albert_10ins_m20,47,SpecAnn-NCV,0.4860251767562508,1.0,-14803.0,-13433.000000000002,0.0065722465515136,0,True,32,15,True,30,32,0.7261587381362915,43.0388298034668,-50473.63108063112,2025-11-19 22:15:31
ba_64_1_2.txt,barabasi_albert_10ins_m20,47,SpecAnn-NCV,0.4940591950252281,1.0,-14803.0,-13433.000000000002,0.0065681934356689,0,True,32,15,True,31,32,0.7246401906013489,42.75839614868164,-50039.890521006666,2025-11-19 22:15:31
ba_64_1_2.txt,barabasi_albert_10ins_m20,47,SpecAnn-NCV,0.5019646441105269,1.0,-14803.0,-13433.000000000002,0.0066440105438232,0,True,32,15,True,32,32,0.7231343388557434,42.48461151123047,-49616.16155259755,2025-11-19 22:15:31
ba_64_1_2.txt,barabasi_albert_10ins_m20,47,SpecAnn-NCV,0.5097475058154177,1.0,-14803.0,-13433.000000000002,0.006575584411621,0,True,32,15,True,33,32,0.7216405272483826,42.21714782714844,-49201.95177930369,2025-11-19 22:15:31
ba_64_1_2.txt,barabasi_albert_10ins_m20,47,SpecAnn-NCV,0.51741331199832,1.0,-14803.0,-13433.000000000002,0.0065672397613525,0,True,32,15,True,34,32,0.7201582193374634,41.95569610595703,-48796.80412894856,2025-11-19 22:15:31
ba_64_1_2.txt,barabasi_albert_10ins_m20,47,SpecAnn-NCV,0.5249671905758515,1.0,-14803.0,-13433.000000000002,0.0065665245056152,0,True,32,15,True,35,32,0.7186867594718933,41.69998550415039,-48400.30233498447,2025-11-19 22:15:31
ba_64_1_2.txt,barabasi_albert_10ins_m20,47,SpecAnn-NCV,0.5324139056496683,1.0,-14803.0,-13433.000000000002,0.0065658092498779,0,True,32,15,True,36,32,0.7172254920005798,41.44974899291992,-48012.03883281726,2025-11-19 22:15:31
ba_64_1_2.txt,barabasi_albert_10ins_m20,47,SpecAnn-NCV,0.5397578926492556,1.0,-14803.0,-13433.000000000002,0.0065922737121582,0,True,32,15,True,37,32,0.71577388048172,41.20475006103516,-47631.65341042843,2025-11-19 22:15:31
ba_64_1_2.txt,barabasi_albert_10ins_m20,47,SpecAnn-NCV,0.5470032892270364,1.0,-14803.0,-13433.000000000002,0.0065894126892089,0,True,32,15,True,38,32,0.7143316268920898,40.96476745605469,-47258.82280615559,2025-11-19 22:15:31
ba_64_1_2.txt,barabasi_albert_10ins_m20,47,SpecAnn-NCV,0.554153962516942,1.0,-14803.0,-13433.000000000002,0.0065948963165283,0,True,32,15,True,39,32,0.7128981947898865,40.72957611083984,-46893.20667361964,2025-11-19 22:15:31
ba_64_1_2.txt,barabasi_albert_10ins_m20,47,SpecAnn-NCV,0.5612135332663137,1.0,-14803.0,-13433.000000000002,0.0065829753875732,0,True,32,15,True,40,32,0.7114729881286621,40.49899673461914,-46534.51669013274,2025-11-19 22:15:31
ba_64_1_2.txt,barabasi_albert_10ins_m20,47,SpecAnn-NCV,0.5681853972686127,1.0,-14803.0,-13433.000000000002,0.0065648555755615,0,True,32,15,True,41,32,0.7100557088851929,40.27284240722656,-46182.478087820135,2025-11-19 22:15:31
ba_64_1_2.txt,barabasi_albert_10ins_m20,47,SpecAnn-NCV,0.5750727444570146,1.0,-14803.0,-13433.000000000002,0.0065946578979492,0,True,32,15,True,42,32,0.7086459994316101,40.050926208496094,-45836.81473935793,2025-11-19 22:15:31
ba_64_1_2.txt,barabasi_albert_10ins_m20,47,SpecAnn-NCV,0.5818785759635375,1.0,-14803.0,-13433.000000000002,0.006587266921997,0,True,32,15,True,43,32,0.7072435021400452,39.833106994628906,-45497.30533858077,2025-11-19 22:15:31
ba_64_1_2.txt,barabasi_albert_10ins_m20,47,SpecAnn-NCV,0.5886057194025436,1.0,-14803.0,-13433.000000000002,0.0065758228302001,0,True,32,15,True,44,32,0.7058477997779846,39.61921691894531,-45163.69640223026,2025-11-19 22:15:31
ba_64_1_2.txt,barabasi_albert_10ins_m20,47,SpecAnn-NCV,0.5952568425994088,1.0,-14803.0,-13433.000000000002,0.0065963268280029,0,True,32,15,True,45,32,0.7044587135314941,39.409122467041016,-44835.79103897696,2025-11-19 22:15:31
ba_64_1_2.txt,barabasi_albert_10ins_m20,47,SpecAnn-NCV,0.6018344659534288,1.0,-14803.0,-13433.000000000002,0.0065860748291015,0,True,32,15,True,46,32,0.7030758857727051,39.20268249511719,-44513.37406267183,2025-11-19 22:15:31
ba_64_1_2.txt,barabasi_albert_10ins_m20,47,SpecAnn-NCV,0.6083409735974393,1.0,-14803.0,-13433.000000000002,0.0066313743591308,0,True,32,15,True,47,32,0.701698899269104,38.99977111816406,-44196.24579156079,2025-11-19 22:15:31
ba_64_1_2.txt,barabasi_albert_10ins_m20,47,SpecAnn-NCV,0.6147786234942719,1.0,-14803.0,-13433.000000000002,0.0065894126892089,0,True,32,15,True,48,32,0.7003276348114014,38.80026626586914,-43884.23140700642,2025-11-19 22:15:31
ba_64_1_2.txt,barabasi_albert_10ins_m20,47,SpecAnn-NCV,0.6211495565912796,1.0,-14803.0,-13433.000000000002,0.0065534114837646,0,True,32,15,True,49,32,0.6989617943763733,38.60405731201172,-43577.15928795448,2025-11-19 22:15:31
ba_64_1_2.txt,barabasi_albert_10ins_m20,47,SpecAnn-NCV,0.6274558051381586,1.0,-14803.0,-13433.000000000002,0.0066006183624267,0,True,32,15,True,50,32,0.6976011395454407,38.41102981567383,-43274.85874540266,2025-11-19 22:15:31
ba_64_1_2.txt,barabasi_albert_10ins_m20,47,SpecAnn-NCV,0.6336993002596786,1.0,-14803.0,-13433.000000000002,0.0065970420837402,0,True,32,15,True,51,32,0.6962454319000244,38.22108459472656,-42977.17771541857,2025-11-19 22:15:31
ba_64_1_2.txt,barabasi_albert_10ins_m20,47,SpecAnn-NCV,0.6398818788633085,1.0,-14803.0,-13353.0,0.0066282749176025,0,True,32,15,True,52,32,0.6948944330215454,38.03412628173828,-42683.96972809968,2025-11-19 22:15:31
ba_64_1_2.txt,barabasi_albert_10ins_m20,47,SpecAnn-NCV,0.6460052899517691,1.0,-14803.0,-13353.0,0.006589651107788,0,True,32,15,True,53,32,0.6935480237007141,37.85005187988281,-42395.08831539349,2025-11-19 22:15:31
ba_64_1_2.txt,barabasi_albert_10ins_m20,47,SpecAnn-NCV,0.6520712004019966,1.0,-14803.0,-13353.0,0.0065975189208984,0,True,32,15,True,54,32,0.6922059059143066,37.66877746582031,-42110.3986221163,2025-11-19 22:15:31
ba_64_1_2.txt,barabasi_albert_10ins_m20,47,SpecAnn-NCV,0.6580812002646271,1.0,-14803.0,-13353.0,0.0065829753875732,0,True,32,15,True,55,32,0.6908678412437439,37.4902229309082,-41829.77485519756,2025-11-19 22:15:31
ba_64_1_2.txt,barabasi_albert_10ins_m20,47,SpecAnn-NCV,0.6640368076317485,1.0,-14803.0,-13353.0,0.0066180229187011,0,True,32,15,True,56,32,0.6895338296890259,37.31430816650391,-41553.10666677718,2025-11-19 22:15:31
ba_64_1_2.txt,barabasi_albert_10ins_m20,47,SpecAnn-NCV,0.6699394731151429,1.0,-14803.0,-13353.0,0.0065934658050537,0,True,32,15,True,57,32,0.6882035136222839,37.14094924926758,-41280.2588127698,2025-11-19 22:15:31
ba_64_1_2.txt,barabasi_albert_10ins_m20,47,SpecAnn-NCV,0.6757905839724513,1.0,-14803.0,-13121.0,0.0065984725952148,0,True,32,15,True,58,32,0.6868767738342285,36.9700813293457,-41011.13265990239,2025-11-19 22:15:31
ba_64_1_2.txt,barabasi_albert_10ins_m20,47,SpecAnn-NCV,0.6815914679145113,1.0,-14803.0,-13121.0,0.0065937042236328,0,True,32,15,True,59,32,0.6855534315109253,36.80162811279297,-40745.614137231365,2025-11-19 22:15:31
ba_64_1_2.txt,barabasi_albert_10ins_m20,47,SpecAnn-NCV,0.6873433966234707,1.0,-14803.0,-13121.0,0.0066199302673339,0,True,32,15,True,60,32,0.6842334866523743,36.63552474975586,-40483.61332830666,2025-11-19 22:15:31
ba_64_1_2.txt,barabasi_albert_10ins_m20,47,SpecAnn-NCV,0.6930475890080863,1.0,-14803.0,-13121.0,0.0066180229187011,0,True,32,15,True,61,32,0.6829166412353516,36.47170639038086,-40225.0233936089,2025-11-19 22:15:31
ba_64_1_2.txt,barabasi_albert_10ins_m20,47,SpecAnn-NCV,0.6987052142198116,1.0,-14803.0,-13121.0,0.0066614151000976,0,True,32,15,True,62,32,0.6816027760505676,36.31011199951172,-39969.75311718236,2025-11-19 22:15:31
ba_64_1_2.txt,barabasi_albert_10ins_m20,47,SpecAnn-NCV,0.7043173944508145,1.0,-14803.0,-13121.0,0.0066208839416503,0,True,32,15,True,63,32,0.6802917718887329,36.15068435668945,-39717.71618234414,2025-11-19 22:15:31
ba_64_1_2.txt,barabasi_albert_10ins_m20,47,SpecAnn-NCV,0.709885207532891,1.0,-14803.0,-13121.0,0.0065953731536865,0,True,32,15,True,64,32,0.6789835095405579,35.99336242675781,-39468.82275820671,2025-11-19 22:15:31
ba_64_1_2.txt,barabasi_albert_10ins_m20,47,SpecAnn-NCV,0.7154096893543218,1.0,-14803.0,-13121.0,0.0066127777099609,0,True,32,15,True,65,32,0.6776778101921082,35.838096618652344,-39222.99278334015,2025-11-19 22:15:31
ba_64_1_2.txt,barabasi_albert_10ins_m20,47,SpecAnn-NCV,0.7208918361100219,1.0,-14803.0,-13121.0,0.0065870285034179,0,True,32,15,True,66,32,0.6763744950294495,35.684837341308594,-38980.14684665106,2025-11-19 22:15:31
ba_64_1_2.txt,barabasi_albert_10ins_m20,47,SpecAnn-NCV,0.7263326063988248,1.0,-14803.0,-13121.0,0.006603717803955,0,True,32,15,True,67,32,0.6750736832618713,35.53352355957031,-38740.21080524005,2025-11-19 22:15:31
ba_64_1_2.txt,barabasi_albert_10ins_m20,47,SpecAnn-NCV,0.7317329231804058,1.0,-14803.0,-13121.0,0.0066137313842773,0,True,32,15,True,68,32,0.6737750768661499,35.384117126464844,-38503.11202231039,2025-11-19 22:15:31
ba_64_1_2.txt,barabasi_albert_10ins_m20,47,SpecAnn-NCV,0.7370936756031579,1.0,-14803.0,-13121.0,0.0065886974334716,0,True,32,15,True,69,32,0.6724786162376404,35.236572265625,-38268.78379340437,2025-11-19 22:15:31
ba_64_1_2.txt,barabasi_albert_10ins_m20,47,SpecAnn-NCV,0.7424157207132704,1.0,-14803.0,-13121.0,0.0066041946411132,0,True,32,15,True,70,32,0.6711841821670532,35.09083557128906,-38037.14824577582,2025-11-19 22:15:31
ba_64_1_2.txt,barabasi_albert_10ins_m20,47,SpecAnn-NCV,0.7476998850543153,1.0,-14803.0,-13121.0,0.0065960884094238,0,True,32,15,True,71,32,0.6698917150497437,34.946868896484375,-37808.14797420541,2025-11-19 22:15:31
ba_64_1_2.txt,barabasi_albert_10ins_m20,47,SpecAnn-NCV,0.7529469661657903,1.0,-14803.0,-13121.0,0.006622314453125,0,True,32,15,True,72,32,0.6686010360717773,34.80463409423828,-37581.71928104352,2025-11-19 22:15:31
ba_64_1_2.txt,barabasi_albert_10ins_m20,47,SpecAnn-NCV,0.7581577339883167,1.0,-14803.0,-13121.0,0.0066378116607666,0,True,32,15,True,73,32,0.6673120260238647,34.66408920288086,-37357.798207937936,2025-11-19 22:15:31
ba_64_1_2.txt,barabasi_albert_10ins_m20,47,SpecAnn-NCV,0.7633329321824984,1.0,-14803.0,-13121.0,0.0066242218017578,0,True,32,15,True,74,32,0.6660247445106506,34.52519226074219,-37136.33125274669,2025-11-19 22:15:31
ba_64_1_2.txt,barabasi_albert_10ins_m20,47,SpecAnn-NCV,0.7684732793678399,1.0,-14803.0,-13121.0,0.0065817832946777,0,True,32,15,True,75,32,0.6647389531135559,34.38791275024414,-36917.26097099251,2025-11-19 22:15:31
ba_64_1_2.txt,barabasi_albert_10ins_m20,47,SpecAnn-NCV,0.7735794702875677,1.0,-14803.0,-13121.0,0.0066382884979248,0,True,32,15,True,76,32,0.6634545922279358,34.25220489501953,-36700.52394992561,2025-11-19 22:15:31
ba_64_1_2.txt,barabasi_albert_10ins_m20,47,SpecAnn-NCV,0.7786521769046981,1.0,-14803.0,-13121.0,0.0066375732421875,0,True,32,15,True,77,32,0.6621716618537903,34.1180419921875,-36486.08091274018,2025-11-19 22:15:31
ba_64_1_2.txt,barabasi_albert_10ins_m20,47,SpecAnn-NCV,0.7836920494342511,1.0,-14803.0,-13121.0,0.0066065788269042,0,True,32,15,True,78,32,0.6608899235725403,33.98539352416992,-36273.87566796575,2025-11-19 22:15:31
ba_64_1_2.txt,barabasi_albert_10ins_m20,47,SpecAnn-NCV,0.788699717316095,1.0,-14803.0,-13121.0,0.0066032409667968,0,True,32,15,True,79,32,0.6596095561981201,33.854217529296875,-36063.86312089362,2025-11-19 22:15:31
ba_64_1_2.txt,barabasi_albert_10ins_m20,47,SpecAnn-NCV,0.7936757901325451,1.0,-14803.0,-13121.0,0.0065858364105224,0,True,32,15,True,80,32,0.6583302617073059,33.724491119384766,-35855.992699281014,2025-11-19 22:15:31
ba_64_1_2.txt,barabasi_albert_10ins_m20,47,SpecAnn-NCV,0.7986208584745024,1.0,-14803.0,-13121.0,0.0066008567810058,0,True,32,15,True,81,32,0.6570519804954529,33.5961799621582,-35650.21507866658,2025-11-19 22:15:31
ba_64_1_2.txt,barabasi_albert_10ins_m20,47,SpecAnn-NCV,0.803535494759617,1.0,-14803.0,-13121.0,0.0066089630126953,0,True,32,15,True,82,32,0.6557747721672058,33.46925354003906,-35446.49176544329,2025-11-19 22:15:31
ba_64_1_2.txt,barabasi_albert_10ins_m20,47,SpecAnn-NCV,0.8084202540056837,1.0,-14803.0,-13121.0,0.00661301612854,0,True,32,15,True,83,32,0.6544984579086304,33.34368896484375,-35244.77970868753,2025-11-19 22:15:31
ba_64_1_2.txt,barabasi_albert_10ins_m20,47,SpecAnn-NCV,0.8132756745622272,1.0,-14803.0,-13121.0,0.0066077709197998,0,True,32,15,True,84,32,0.653222918510437,33.219451904296875,-35045.02732865067,2025-11-19 22:15:31
ba_64_1_2.txt,barabasi_albert_10ins_m20,47,SpecAnn-NCV,0.8181022788030096,1.0,-14803.0,-13121.0,0.0065889358520507,0,True,32,15,True,85,32,0.6519482135772705,33.09651565551758,-34847.201025453665,2025-11-19 22:15:31
ba_64_1_2.txt,barabasi_albert_10ins_m20,47,SpecAnn-NCV,0.822900573781978,1.0,-14803.0,-13121.0,0.0066084861755371,0,True,32,15,True,86,32,0.6506742238998413,32.97486114501953,-34651.2658767411,2025-11-19 22:15:31
ba_64_1_2.txt,barabasi_albert_10ins_m20,47,SpecAnn-NCV,0.8276710518549868,1.0,-14803.0,-13121.0,0.0066239833831787,0,True,32,15,True,87,32,0.6494008898735046,32.854461669921875,-34457.18238129098,2025-11-19 22:15:31
ba_64_1_2.txt,barabasi_albert_10ins_m20,47,SpecAnn-NCV,0.8324141912694495,1.0,-14803.0,-13121.0,0.006610631942749,0,True,32,15,True,88,32,0.648128092288971,32.73529052734375,-34264.90816102023,2025-11-19 22:15:31
ba_64_1_2.txt,barabasi_albert_10ins_m20,47,SpecAnn-NCV,0.8371304567239225,1.0,-14803.0,-13121.0,0.0066132545471191,0,True,32,15,True,89,32,0.646855890750885,32.6173210144043,-34074.41057546828,2025-11-19 22:15:31
ba_64_1_2.txt,barabasi_albert_10ins_m20,47,SpecAnn-NCV,0.8418202998994706,1.0,-14803.0,-13121.0,0.0065999031066894,0,True,32,15,True,90,32,0.6455841660499573,32.50053787231445,-33885.65971113418,2025-11-19 22:15:31
ba_64_1_2.txt,barabasi_albert_10ins_m20,47,SpecAnn-NCV,0.846484159964536,1.0,-14227.000000000004,-12621.000000000002,0.0066249370574951,0,True,32,15,True,91,32,0.6443127989768982,32.384910583496094,-33698.60999801034,2025-11-19 22:15:31
ba_64_1_2.txt,barabasi_albert_10ins_m20,47,SpecAnn-NCV,0.8511224640549078,1.0,-14227.000000000004,-12621.000000000002,0.0066344738006591,0,True,32,15,True,92,32,0.6430418491363525,32.27042770385742,-33513.245337521774,2025-11-19 22:15:31
ba_64_1_2.txt,barabasi_albert_10ins_m20,47,SpecAnn-NCV,0.8557356277302758,1.0,-14227.000000000004,-12621.000000000002,0.0066347122192382,0,True,32,15,True,93,32,0.6417711973190308,32.15705871582031,-33329.520630011255,2025-11-19 22:15:31
ba_64_1_2.txt,barabasi_albert_10ins_m20,47,SpecAnn-NCV,0.8603240554087516,1.0,-14227.000000000004,-12621.000000000002,0.0066027641296386,0,True,32,15,True,94,32,0.6405007243156433,32.04478454589844,-33147.40295518149,2025-11-19 22:15:31
ba_64_1_2.txt,barabasi_albert_10ins_m20,47,SpecAnn-NCV,0.86488814078064,1.0,-14227.000000000004,-12621.000000000002,0.006563663482666,0,True,32,15,True,95,32,0.639230489730835,31.93359375,-32966.87673626002,2025-11-19 22:15:31
ba_64_1_2.txt,barabasi_albert_10ins_m20,47,SpecAnn-NCV,0.8694282672026621,1.0,-14227.000000000004,-12621.000000000002,0.0065805912017822,0,True,32,15,True,96,32,0.6379603743553162,31.823457717895508,-32787.89957336755,2025-11-19 22:15:31
ba_64_1_2.txt,barabasi_albert_10ins_m20,47,SpecAnn-NCV,0.8739448080737451,1.0,-14227.000000000004,-12621.000000000002,0.0065829753875732,0,True,32,15,True,97,32,0.6366904377937317,31.71436309814453,-32610.45423637082,2025-11-19 22:15:31
ba_64_1_2.txt,barabasi_albert_10ins_m20,47,SpecAnn-NCV,0.878438127193422,1.0,-14227.000000000004,-12621.000000000002,0.0065939426422119,0,True,32,15,True,98,32,0.6354204416275024,31.60628700256348,-32434.498565279777,2025-11-19 22:15:31
ba_64_1_2.txt,barabasi_albert_10ins_m20,47,SpecAnn-NCV,0.8829085791038153,1.0,-14227.000000000004,-12621.000000000002,0.006617784500122,0,True,32,15,True,99,32,0.634150505065918,31.499217987060547,-32260.02066801657,2025-11-19 22:15:31
ba_64_1_2.txt,barabasi_albert_10ins_m20,47,SpecAnn-NCV,0.8873565094161138,1.0,-14227.000000000004,-12621.000000000002,0.0066027641296386,0,True,32,15,True,100,32,0.632880449295044,31.39313125610352,-32086.97990783785,2025-11-19 22:15:31
ba_64_1_2.txt,barabasi_albert_10ins_m20,47,SpecAnn-NCV,0.8917822551223932,1.0,-14227.000000000004,-12621.000000000002,0.0065851211547851,0,True,32,15,True,101,32,0.6316103935241699,31.288015365600582,-31915.36465171648,2025-11-19 22:15:31
ba_64_1_2.txt,barabasi_albert_10ins_m20,47,SpecAnn-NCV,0.8961861448935777,1.0,-14227.000000000004,-12621.000000000002,0.0065758228302001,0,True,32,15,True,102,32,0.6303401589393616,31.183853149414062,-31745.142445127545,2025-11-19 22:15:31
ba_64_1_2.txt,barabasi_albert_10ins_m20,47,SpecAnn-NCV,0.9005684993642872,1.0,-14227.000000000004,-12995.0,0.0065991878509521,0,True,32,15,True,103,32,0.6290696859359741,31.08062744140625,-31576.287077362394,2025-11-19 22:15:31
ba_64_1_2.txt,barabasi_albert_10ins_m20,47,SpecAnn-NCV,0.9049296314052688,1.0,-14227.000000000004,-12995.0,0.0065717697143554,0,True,32,15,True,104,32,0.6277990937232971,30.978321075439453,-31408.78146241178,2025-11-19 22:15:31
ba_64_1_2.txt,barabasi_albert_10ins_m20,47,SpecAnn-NCV,0.9092698463840684,1.0,-14227.000000000004,-12995.0,0.0065875053405761,0,True,32,15,True,105,32,0.6265281438827515,30.876922607421875,-31242.59653121362,2025-11-19 22:15:31
ba_64_1_2.txt,barabasi_albert_10ins_m20,47,SpecAnn-NCV,0.9135894424145556,1.0,-14227.000000000004,-12995.0,0.0065765380859375,0,True,32,15,True,106,32,0.6252569556236267,30.776416778564453,-31077.71738585012,2025-11-19 22:15:31
ba_64_1_2.txt,barabasi_albert_10ins_m20,47,SpecAnn-NCV,0.9178887105958816,1.0,-14227.000000000004,-12995.0,0.0066449642181396,0,True,32,15,True,107,32,0.6239854097366333,30.676788330078125,-30914.117361909648,2025-11-19 22:15:31
ba_64_1_2.txt,barabasi_albert_10ins_m20,47,SpecAnn-NCV,0.922167935241408,1.0,-14227.000000000004,-12995.0,0.0065932273864746,0,True,32,15,True,108,32,0.6227134466171265,30.578022003173828,-30751.772937814087,2025-11-19 22:15:31
ba_64_1_2.txt,barabasi_albert_10ins_m20,47,SpecAnn-NCV,0.92642739409812,1.0,-14227.000000000004,-12995.0,0.0066297054290771,0,True,32,15,True,109,32,0.6214410662651062,30.480104446411133,-30590.665600385004,2025-11-19 22:15:31
ba_64_1_2.txt,barabasi_albert_10ins_m20,47,SpecAnn-NCV,0.9306673585570006,1.0,-14227.000000000004,-12995.0,0.0066022872924804,0,True,32,15,True,110,32,0.620168149471283,30.38302230834961,-30430.771093306925,2025-11-19 22:15:31
ba_64_1_2.txt,barabasi_albert_10ins_m20,47,SpecAnn-NCV,0.9348880938548184,1.0,-14227.000000000004,-12995.0,0.0066046714782714,0,True,32,15,True,111,32,0.6188948154449463,30.286762237548828,-30272.077002573893,2025-11-19 22:15:31
ba_64_1_2.txt,barabasi_albert_10ins_m20,47,SpecAnn-NCV,0.9390898592677528,1.0,-14227.000000000004,-12995.0,0.0066001415252685,0,True,32,15,True,112,32,0.6176209449768066,30.191314697265625,-30114.56312616901,2025-11-19 22:15:31
ba_64_1_2.txt,barabasi_albert_10ins_m20,47,SpecAnn-NCV,0.9432729082972536,1.0,-14227.000000000004,-12995.0,0.0066168308258056,0,True,32,15,True,113,32,0.6163464784622192,30.096660614013672,-29958.20281441564,2025-11-19 22:15:32
ba_64_1_2.txt,barabasi_albert_10ins_m20,47,SpecAnn-NCV,0.9474374888485204,1.0,-14227.000000000004,-12995.0,0.0065958499908447,0,True,32,15,True,114,32,0.6150714159011841,30.00279426574707,-29802.98575729034,2025-11-19 22:15:32
ba_64_1_2.txt,barabasi_albert_10ins_m20,47,SpecAnn-NCV,0.9515838434019476,1.0,-14227.000000000004,-12995.0,0.006617784500122,0,True,32,15,True,115,32,0.6137956976890564,29.909698486328125,-29648.88746388741,2025-11-19 22:15:32
ba_64_1_2.txt,barabasi_albert_10ins_m20,47,SpecAnn-NCV,0.9557122091778746,1.0,-14227.000000000004,-12995.0,0.0065879821777343,0,True,32,15,True,116,32,0.6125193238258362,29.81736946105957,-29495.89969359365,2025-11-19 22:15:32
ba_64_1_2.txt,barabasi_albert_10ins_m20,47,SpecAnn-NCV,0.9598228182949629,1.0,-14227.000000000004,-12995.0,0.0066521167755126,0,True,32,15,True,117,32,0.6112422347068787,29.72578811645508,-29343.996308111164,2025-11-19 22:15:32
ba_64_1_2.txt,barabasi_albert_10ins_m20,47,SpecAnn-NCV,0.963915897922488,1.0,-14227.000000000004,-12995.0,0.0066211223602294,0,True,32,15,True,118,32,0.6099643707275391,29.634944915771484,-29193.160751256542,2025-11-19 22:15:32
ba_64_1_2.txt,barabasi_albert_10ins_m20,47,SpecAnn-NCV,0.967991670426842,1.0,-14227.000000000004,-12995.0,0.0066161155700683,0,True,32,15,True,119,32,0.6086857914924622,29.54483222961425,-29043.384138164536,2025-11-19 22:15:32
ba_64_1_2.txt,barabasi_albert_10ins_m20,47,SpecAnn-NCV,0.9720503535125016,1.0,-14379.000000000002,-13109.000000000002,0.0066165924072265,0,True,32,15,True,120,32,0.6074063181877136,29.45543670654297,-28894.640652259983,2025-11-19 22:15:32
ba_64_1_2.txt,barabasi_albert_10ins_m20,47,SpecAnn-NCV,0.9760921603577252,1.0,-14379.000000000002,-13109.000000000002,0.0066053867340087,0,True,32,15,True,121,32,0.6061260104179382,29.366748809814453,-28746.919726487293,2025-11-19 22:15:32
ba_64_1_2.txt,barabasi_albert_10ins_m20,47,SpecAnn-NCV,0.9801172997452104,1.0,-14379.000000000002,-13109.000000000002,0.0065870285034179,0,True,32,15,True,122,32,0.6048449277877808,29.27875518798828,-28600.207106342736,2025-11-19 22:15:32
ba_64_1_2.txt,barabasi_albert_10ins_m20,47,SpecAnn-NCV,0.9841259761879442,1.0,-14379.000000000002,-13109.000000000002,0.0066292285919189,0,True,32,15,True,123,32,0.6035629510879517,29.191452026367188,-28454.48947449612,2025-11-19 22:15:32
ba_64_1_2.txt,barabasi_albert_10ins_m20,47,SpecAnn-NCV,0.9881183900504562,1.0,-14379.000000000002,-13109.000000000002,0.0065910816192626,0,True,32,15,True,124,32,0.6022799611091614,29.10482406616211,-28309.742475251216,2025-11-19 22:15:32
ba_64_1_2.txt,barabasi_albert_10ins_m20,47,SpecAnn-NCV,0.9920947376656812,1.0,-14379.000000000002,-13109.000000000002,0.00655198097229,0,True,32,15,True,125,32,0.6009960770606995,29.01886558532715,-28165.96236971637,2025-11-19 22:15:32
ba_64_1_2.txt,barabasi_albert_10ins_m20,47,SpecAnn-NCV,0.9960552114476228,1.0,-14379.000000000002,-13109.000000000002,0.0065870285034179,0,True,32,15,True,126,32,0.5997111797332764,28.93356704711914,-28023.130558767265,2025-11-19 22:15:32
ba_64_1_2.txt,barabasi_albert_10ins_m20,47,SpecAnn-NCV,1.0,1.0,-14379.000000000002,-13109.000000000002,0.0065937042236328,0,True,32,15,True,127,32,0.5984253287315369,28.848915100097656,-27881.233226253484,2025-11-19 22:15:32
ba_64_1_2.txt,barabasi_albert_10ins_m20,48,SpecAnn-NCV,0.0,1.0,-14609.000000000002,-12785.0,0.0130450725555419,0,True,17,29,True,0,32,0.8000580668449402,65.0,-83986.0955670476,2025-11-19 22:15:32
ba_64_1_2.txt,barabasi_albert_10ins_m20,48,SpecAnn-NCV,0.0887356509416113,1.0,-14609.000000000002,-12785.0,0.0066852569580078,0,True,17,15,True,1,32,0.7888097167015076,60.13826370239258,-76611.79950771782,2025-11-19 22:15:32
ba_64_1_2.txt,barabasi_albert_10ins_m20,48,SpecAnn-NCV,0.1254911610276317,1.0,-14609.000000000002,-12785.0,0.0066404342651367,0,True,17,15,True,2,32,0.7838965654373169,58.25138092041016,-73745.83775831695,2025-11-19 22:15:32
ba_64_1_2.txt,barabasi_albert_10ins_m20,48,SpecAnn-NCV,0.1536946558735679,1.0,-14609.000000000002,-12785.0,0.0066196918487548,0,True,17,15,True,3,32,0.7800197601318359,56.851051330566406,-71617.08362670943,2025-11-19 22:15:32
ba_64_1_2.txt,barabasi_albert_10ins_m20,48,SpecAnn-NCV,0.1774713018832227,1.0,-14609.000000000002,-12785.0,0.0066258907318115,0,True,17,15,True,4,32,0.7766770124435425,55.70153045654297,-69868.28869558606,2025-11-19 22:15:32
ba_64_1_2.txt,barabasi_albert_10ins_m20,48,SpecAnn-NCV,0.1984189475331362,1.0,-14609.000000000002,-12785.0,0.0066306591033935,0,True,17,15,True,5,32,0.7736740112304688,54.71164321899414,-68361.2969994529,2025-11-19 22:15:32
ba_64_1_2.txt,barabasi_albert_10ins_m20,48,SpecAnn-NCV,0.2173570668006655,1.0,-14609.000000000002,-12785.0,0.0066065788269042,0,True,17,15,True,6,32,0.7709111571311951,53.83471298217773,-67025.37611945,2025-11-19 22:15:32
ba_64_1_2.txt,barabasi_albert_10ins_m20,48,SpecAnn-NCV,0.2347724648169381,1.0,-14609.000000000002,-12985.000000000002,0.0066530704498291,0,True,17,15,True,7,32,0.7683293223381042,53.043060302734375,-65818.57980207965,2025-11-19 22:15:32
ba_64_1_2.txt,barabasi_albert_10ins_m20,48,SpecAnn-NCV,0.2509823220552634,1.0,-14609.000000000002,-12985.000000000002,0.0066568851470947,0,True,17,15,True,8,32,0.7658901214599609,52.318660736083984,-64713.60786263769,2025-11-19 22:15:32
ba_64_1_2.txt,barabasi_albert_10ins_m20,48,SpecAnn-NCV,0.2662069528248341,1.0,-14609.000000000002,-12985.000000000002,0.0066211223602294,0,True,17,15,True,9,32,0.7635669112205505,51.64904022216797,-63691.55944756404,2025-11-19 22:15:32
ba_64_1_2.txt,barabasi_albert_10ins_m20,48,SpecAnn-NCV,0.2806067666331568,1.0,-14609.000000000002,-12985.000000000002,0.0066158771514892,0,True,17,15,True,10,32,0.7613402605056763,51.02510833740234,-62738.66287739413,2025-11-19 22:15:32
ba_64_1_2.txt,barabasi_albert_10ins_m20,48,SpecAnn-NCV,0.2943028597012718,1.0,-14609.000000000002,-12985.000000000002,0.0066103935241699,0,True,17,15,True,11,32,0.7591955661773682,50.44002151489258,-61844.55271757596,2025-11-19 22:15:32
ba_64_1_2.txt,barabasi_albert_10ins_m20,48,SpecAnn-NCV,0.3073893117471359,1.0,-14609.000000000002,-12985.000000000002,0.0066211223602294,0,True,17,15,True,12,32,0.7571213841438293,49.88847351074219,-61001.18263940056,2025-11-19 22:15:32
ba_64_1_2.txt,barabasi_albert_10ins_m20,48,SpecAnn-NCV,0.3199409394316542,1.0,-14609.000000000002,-12985.000000000002,0.0066182613372802,0,True,17,15,True,13,32,0.7551087737083435,49.366249084472656,-60202.1738111422,2025-11-19 22:15:32
ba_64_1_2.txt,barabasi_albert_10ins_m20,48,SpecAnn-NCV,0.3320184038158743,1.0,-14609.000000000002,-12985.000000000002,0.0066335201263427,0,True,17,15,True,14,32,0.753150463104248,48.86992645263672,-59442.34849957333,2025-11-19 22:15:32
ba_64_1_2.txt,barabasi_albert_10ins_m20,48,SpecAnn-NCV,0.3436716983117353,1.0,-14687.0,-13065.0,0.0066332817077636,0,True,17,15,True,15,32,0.7512402534484863,48.396705627441406,-58717.44874363385,2025-11-19 22:15:32
ba_64_1_2.txt,barabasi_albert_10ins_m20,48,SpecAnn-NCV,0.3549426037664455,1.0,-14687.0,-13065.0,0.0066089630126953,0,True,17,15,True,16,32,0.749373197555542,47.94424057006836,-58023.92810948829,2025-11-19 22:15:32
ba_64_1_2.txt,barabasi_albert_10ins_m20,48,SpecAnn-NCV,0.3658664615902029,1.0,-14687.0,-13065.0,0.0065889358520507,0,True,17,15,True,17,32,0.7475451827049255,47.51054763793945,-57358.793838279445,2025-11-19 22:15:32
ba_64_1_2.txt,barabasi_albert_10ins_m20,48,SpecAnn-NCV,0.3764734830828951,1.0,-14687.0,-13065.0,0.0066077709197998,0,True,17,15,True,18,32,0.7457524538040161,47.09394836425781,-56719.49049642331,2025-11-19 22:15:32
ba_64_1_2.txt,barabasi_albert_10ins_m20,48,SpecAnn-NCV,0.3867897351437838,1.0,-14687.0,-13065.0,0.0066332817077636,0,True,17,15,True,19,32,0.7439919114112854,46.69297409057617,-56103.79999464751,2025-11-19 22:15:32
ba_64_1_2.txt,barabasi_albert_10ins_m20,48,SpecAnn-NCV,0.3968378950662725,1.0,-14687.0,-13065.0,0.0066151618957519,0,True,17,15,True,20,32,0.7422609329223633,46.30636978149414,-55509.825913329536,2025-11-19 22:15:32
ba_64_1_2.txt,barabasi_albert_10ins_m20,48,SpecAnn-NCV,0.4066378372811136,1.0,-14687.0,-13433.000000000002,0.0066218376159667,0,True,17,15,True,21,32,0.7405569553375244,45.93302154541016,-54935.8700149718,2025-11-19 22:15:32
ba_64_1_2.txt,barabasi_albert_10ins_m20,48,SpecAnn-NCV,0.4162070956347247,1.0,-14687.0,-13433.000000000002,0.0065844058990478,0,True,17,15,True,22,32,0.7388780117034912,45.57196044921875,-54380.47303473046,2025-11-19 22:15:32
ba_64_1_2.txt,barabasi_albert_10ins_m20,48,SpecAnn-NCV,0.4255612320274539,1.0,-14687.0,-13433.000000000002,0.0066437721252441,0,True,17,15,True,23,32,0.7372221946716309,45.22232055664063,-53842.32093039063,2025-11-19 22:15:32
ba_64_1_2.txt,barabasi_albert_10ins_m20,48,SpecAnn-NCV,0.434714133601331,1.0,-14687.0,-13433.000000000002,0.0065886974334716,0,True,17,15,True,24,32,0.7355878949165344,44.883331298828125,-53320.25082691841,2025-11-19 22:15:32
ba_64_1_2.txt,barabasi_albert_10ins_m20,48,SpecAnn-NCV,0.4436782547080569,1.0,-14687.0,-13433.000000000002,0.006624698638916,0,True,17,15,True,25,32,0.7339735627174377,44.55430603027344,-52813.21761128015,2025-11-19 22:15:32
ba_64_1_2.txt,barabasi_albert_10ins_m20,48,SpecAnn-NCV,0.4524648157026343,1.0,-14687.0,-13433.000000000002,0.0065934658050537,0,True,17,15,True,26,32,0.732377827167511,44.234619140625,-52320.27361664623,2025-11-19 22:15:32
ba_64_1_2.txt,barabasi_albert_10ins_m20,48,SpecAnn-NCV,0.4610839676207039,1.0,-14687.0,-13433.000000000002,0.0065829753875732,0,True,17,15,True,27,32,0.7307994961738586,43.92371368408203,-51840.57594611533,2025-11-19 22:15:32
ba_64_1_2.txt,barabasi_albert_10ins_m20,48,SpecAnn-NCV,0.4695449296338763,1.0,-14687.0,-13433.000000000002,0.0065956115722656,0,True,17,15,True,28,32,0.7292375564575195,43.6210823059082,-51373.36232533044,2025-11-19 22:15:32
ba_64_1_2.txt,barabasi_albert_10ins_m20,48,SpecAnn-NCV,0.4778561045889373,1.0,-14687.0,-13433.000000000002,0.006608247756958,0,True,17,15,True,29,32,0.7276909947395325,43.326263427734375,-50917.93274730121,2025-11-19 22:15:32
ba_64_1_2.txt,barabasi_albert_10ins_m20,48,SpecAnn-NCV,0.4860251767562508,1.0,-14687.0,-13433.000000000002,0.0066194534301757,0,True,17,15,True,30,32,0.7261586785316467,43.0388298034668,-50473.626937648754,2025-11-19 22:15:32
ba_64_1_2.txt,barabasi_albert_10ins_m20,48,SpecAnn-NCV,0.4940591950252281,1.0,-14687.0,-13433.000000000002,0.0066089630126953,0,True,17,15,True,31,32,0.7246400713920593,42.75839614868164,-50039.88228903185,2025-11-19 22:15:32
ba_64_1_2.txt,barabasi_albert_10ins_m20,48,SpecAnn-NCV,0.5019646441105269,1.0,-14687.0,-13433.000000000002,0.0066018104553222,0,True,17,15,True,32,32,0.7231342792510986,42.48461151123047,-49616.15746296506,2025-11-19 22:15:32
ba_64_1_2.txt,barabasi_albert_10ins_m20,48,SpecAnn-NCV,0.5097475058154177,1.0,-14687.0,-13433.000000000002,0.0066103935241699,0,True,17,15,True,33,32,0.7216405272483826,42.21714782714844,-49201.95177930369,2025-11-19 22:15:32
ba_64_1_2.txt,barabasi_albert_10ins_m20,48,SpecAnn-NCV,0.51741331199832,1.0,-14687.0,-13433.000000000002,0.0066018104553222,0,True,17,15,True,34,32,0.7201582193374634,41.95569610595703,-48796.80412894856,2025-11-19 22:15:32
ba_64_1_2.txt,barabasi_albert_10ins_m20,48,SpecAnn-NCV,0.5249671905758515,1.0,-14687.0,-13433.000000000002,0.0065860748291015,0,True,17,15,True,35,32,0.7186867594718933,41.69998550415039,-48400.30233498447,2025-11-19 22:15:32
ba_64_1_2.txt,barabasi_albert_10ins_m20,48,SpecAnn-NCV,0.5324139056496683,1.0,-14687.0,-13433.000000000002,0.0065968036651611,0,True,17,15,True,36,32,0.7172254920005798,41.44974899291992,-48012.03883281726,2025-11-19 22:15:32
ba_64_1_2.txt,barabasi_albert_10ins_m20,48,SpecAnn-NCV,0.5397578926492556,1.0,-14687.0,-13433.000000000002,0.0066134929656982,0,True,17,15,True,37,32,0.7157739400863647,41.20475006103516,-47631.65737685953,2025-11-19 22:15:32
ba_64_1_2.txt,barabasi_albert_10ins_m20,48,SpecAnn-NCV,0.5470032892270364,1.0,-14687.0,-13433.000000000002,0.0066373348236083,0,True,17,15,True,38,32,0.7143316268920898,40.96476745605469,-47258.82280615559,2025-11-19 22:15:32
ba_64_1_2.txt,barabasi_albert_10ins_m20,48,SpecAnn-NCV,0.554153962516942,1.0,-14687.0,-13433.000000000002,0.0065951347351074,0,True,17,15,True,39,32,0.7128981947898865,40.72957611083984,-46893.20667361964,2025-11-19 22:15:32
ba_64_1_2.txt,barabasi_albert_10ins_m20,48,SpecAnn-NCV,0.5612135332663137,1.0,-14687.0,-13433.000000000002,0.0066089630126953,0,True,17,15,True,40,32,0.7114729881286621,40.49899673461914,-46534.51669013274,2025-11-19 22:15:32
ba_64_1_2.txt,barabasi_albert_10ins_m20,48,SpecAnn-NCV,0.5681853972686127,1.0,-14687.0,-13433.000000000002,0.006584882736206,0,True,17,15,True,41,32,0.7100557088851929,40.27284240722656,-46182.478087820135,2025-11-19 22:15:32
ba_64_1_2.txt,barabasi_albert_10ins_m20,48,SpecAnn-NCV,0.5750727444570146,1.0,-14687.0,-13433.000000000002,0.0066111087799072,0,True,17,15,True,42,32,0.7086459994316101,40.050926208496094,-45836.81473935793,2025-11-19 22:15:32
ba_64_1_2.txt,barabasi_albert_10ins_m20,48,SpecAnn-NCV,0.5818785759635375,1.0,-14687.0,-13433.000000000002,0.0066015720367431,0,True,17,15,True,43,32,0.7072435021400452,39.833106994628906,-45497.30533858077,2025-11-19 22:15:32
ba_64_1_2.txt,barabasi_albert_10ins_m20,48,SpecAnn-NCV,0.5886057194025436,1.0,-14687.0,-13433.000000000002,0.0066010951995849,0,True,17,15,True,44,32,0.7058477401733398,39.61921691894531,-45163.692588424965,2025-11-19 22:15:32
ba_64_1_2.txt,barabasi_albert_10ins_m20,48,SpecAnn-NCV,0.5952568425994088,1.0,-14687.0,-13433.000000000002,0.0066070556640625,0,True,17,15,True,45,32,0.7044587731361389,39.409122467041016,-44835.794832558255,2025-11-19 22:15:32
ba_64_1_2.txt,barabasi_albert_10ins_m20,48,SpecAnn-NCV,0.6018344659534288,1.0,-14687.0,-13433.000000000002,0.0066030025482177,0,True,17,15,True,46,32,0.7030758857727051,39.20268249511719,-44513.37406267183,2025-11-19 22:15:32
ba_64_1_2.txt,barabasi_albert_10ins_m20,48,SpecAnn-NCV,0.6083409735974393,1.0,-14687.0,-13433.000000000002,0.0065813064575195,0,True,17,15,True,47,32,0.701698899269104,38.99977111816406,-44196.24579156079,2025-11-19 22:15:32
ba_64_1_2.txt,barabasi_albert_10ins_m20,48,SpecAnn-NCV,0.6147786234942719,1.0,-14687.0,-13433.000000000002,0.006580114364624,0,True,17,15,True,48,32,0.7003276348114014,38.80026626586914,-43884.23140700642,2025-11-19 22:15:32
ba_64_1_2.txt,barabasi_albert_10ins_m20,48,SpecAnn-NCV,0.6211495565912796,1.0,-14687.0,-13433.000000000002,0.0065948963165283,0,True,17,15,True,49,32,0.6989618539810181,38.60405731201172,-43577.163004039,2025-11-19 22:15:32
ba_64_1_2.txt,barabasi_albert_10ins_m20,48,SpecAnn-NCV,0.6274558051381586,1.0,-14687.0,-13433.000000000002,0.0066194534301757,0,True,17,15,True,50,32,0.6976011395454407,38.41102981567383,-43274.85874540266,2025-11-19 22:15:32
ba_64_1_2.txt,barabasi_albert_10ins_m20,48,SpecAnn-NCV,0.6336993002596786,1.0,-14687.0,-13433.000000000002,0.0065951347351074,0,True,17,15,True,51,32,0.6962454319000244,38.22108459472656,-42977.17771541857,2025-11-19 22:15:32
ba_64_1_2.txt,barabasi_albert_10ins_m20,48,SpecAnn-NCV,0.6398818788633085,1.0,-14687.0,-13353.0,0.0065913200378417,0,True,17,15,True,52,32,0.6948944330215454,38.03412628173828,-42683.96972809968,2025-11-19 22:15:32
ba_64_1_2.txt,barabasi_albert_10ins_m20,48,SpecAnn-NCV,0.6460052899517691,1.0,-14687.0,-13353.0,0.0066277980804443,0,True,17,15,True,53,32,0.6935479640960693,37.85005187988281,-42395.08467189067,2025-11-19 22:15:32
ba_64_1_2.txt,barabasi_albert_10ins_m20,48,SpecAnn-NCV,0.6520712004019966,1.0,-14687.0,-13353.0,0.0066280364990234,0,True,17,15,True,54,32,0.6922059655189514,37.66877746582031,-42110.40224816937,2025-11-19 22:15:32
ba_64_1_2.txt,barabasi_albert_10ins_m20,48,SpecAnn-NCV,0.6580812002646271,1.0,-14687.0,-13353.0,0.0065944194793701,0,True,17,15,True,55,32,0.6908679008483887,37.4902229309082,-41829.7784640627,2025-11-19 22:15:32
ba_64_1_2.txt,barabasi_albert_10ins_m20,48,SpecAnn-NCV,0.6640368076317485,1.0,-14687.0,-13353.0,0.0066065788269042,0,True,17,15,True,56,32,0.6895338296890259,37.31430816650391,-41553.10666677718,2025-11-19 22:15:32
ba_64_1_2.txt,barabasi_albert_10ins_m20,48,SpecAnn-NCV,0.6699394731151429,1.0,-14687.0,-13353.0,0.0066063404083251,0,True,17,15,True,57,32,0.6882035136222839,37.14094924926758,-41280.2588127698,2025-11-19 22:15:32
ba_64_1_2.txt,barabasi_albert_10ins_m20,48,SpecAnn-NCV,0.6757905839724513,1.0,-14687.0,-13121.0,0.0066244602203369,0,True,17,15,True,58,32,0.6868767142295837,36.9700813293457,-41011.12910110685,2025-11-19 22:15:32
ba_64_1_2.txt,barabasi_albert_10ins_m20,48,SpecAnn-NCV,0.6815914679145113,1.0,-14687.0,-13121.0,0.0066056251525878,0,True,17,15,True,59,32,0.6855534911155701,36.80162811279297,-40745.61767981134,2025-11-19 22:15:32
ba_64_1_2.txt,barabasi_albert_10ins_m20,48,SpecAnn-NCV,0.6873433966234707,1.0,-14687.0,-13121.0,0.0066280364990234,0,True,17,15,True,60,32,0.6842334270477295,36.63552474975586,-40483.60980171604,2025-11-19 22:15:32
ba_64_1_2.txt,barabasi_albert_10ins_m20,48,SpecAnn-NCV,0.6930475890080863,1.0,-14687.0,-13121.0,0.0065984725952148,0,True,17,15,True,61,32,0.6829166412353516,36.47170639038086,-40225.0233936089,2025-11-19 22:15:32
ba_64_1_2.txt,barabasi_albert_10ins_m20,48,SpecAnn-NCV,0.6987052142198116,1.0,-14687.0,-13121.0,0.0066156387329101,0,True,17,15,True,62,32,0.6816027760505676,36.31011199951172,-39969.75311718236,2025-11-19 22:15:32
ba_64_1_2.txt,barabasi_albert_10ins_m20,48,SpecAnn-NCV,0.7043173944508145,1.0,-14687.0,-13121.0,0.0065882205963134,0,True,17,15,True,63,32,0.6802917718887329,36.15068435668945,-39717.71618234414,2025-11-19 22:15:32
ba_64_1_2.txt,barabasi_albert_10ins_m20,48,SpecAnn-NCV,0.709885207532891,1.0,-14687.0,-13121.0,0.006594181060791,0,True,17,15,True,64,32,0.6789835095405579,35.99336242675781,-39468.82275820671,2025-11-19 22:15:32
ba_64_1_2.txt,barabasi_albert_10ins_m20,48,SpecAnn-NCV,0.7154096893543218,1.0,-14687.0,-13121.0,0.0066018104553222,0,True,17,15,True,65,32,0.6776778101921082,35.838096618652344,-39222.99278334015,2025-11-19 22:15:32
ba_64_1_2.txt,barabasi_albert_10ins_m20,48,SpecAnn-NCV,0.7208918361100219,1.0,-14687.0,-13121.0,0.0066134929656982,0,True,17,15,True,66,32,0.6763745546340942,35.684837341308594,-38980.15028172708,2025-11-19 22:15:32
ba_64_1_2.txt,barabasi_albert_10ins_m20,48,SpecAnn-NCV,0.7263326063988248,1.0,-14687.0,-13121.0,0.0066339969635009,0,True,17,15,True,67,32,0.6750737428665161,35.53352355957031,-38740.21422575038,2025-11-19 22:15:32
ba_64_1_2.txt,barabasi_albert_10ins_m20,48,SpecAnn-NCV,0.7317329231804058,1.0,-14687.0,-13121.0,0.006659984588623,0,True,17,15,True,68,32,0.6737751364707947,35.384117126464844,-38503.11542843863,2025-11-19 22:15:32
ba_64_1_2.txt,barabasi_albert_10ins_m20,48,SpecAnn-NCV,0.7370936756031579,1.0,-14687.0,-13121.0,0.0066087245941162,0,True,17,15,True,69,32,0.6724786162376404,35.236572265625,-38268.78379340437,2025-11-19 22:15:32
ba_64_1_2.txt,barabasi_albert_10ins_m20,48,SpecAnn-NCV,0.7424157207132704,1.0,-14687.0,-13121.0,0.0066375732421875,0,True,17,15,True,70,32,0.6711841821670532,35.09083557128906,-38037.14824577582,2025-11-19 22:15:32
ba_64_1_2.txt,barabasi_albert_10ins_m20,48,SpecAnn-NCV,0.7476998850543153,1.0,-14687.0,-13121.0,0.0066289901733398,0,True,17,15,True,71,32,0.6698917150497437,34.946868896484375,-37808.14797420541,2025-11-19 22:15:32
ba_64_1_2.txt,barabasi_albert_10ins_m20,48,SpecAnn-NCV,0.7529469661657903,1.0,-14687.0,-13121.0,0.0066668987274169,0,True,17,15,True,72,32,0.6686010360717773,34.80463409423828,-37581.71928104352,2025-11-19 22:15:32
ba_64_1_2.txt,barabasi_albert_10ins_m20,48,SpecAnn-NCV,0.7581577339883167,1.0,-14687.0,-13121.0,0.0066514015197753,0,True,17,15,True,73,32,0.6673120260238647,34.66408920288086,-37357.798207937936,2025-11-19 22:15:32
ba_64_1_2.txt,barabasi_albert_10ins_m20,48,SpecAnn-NCV,0.7633329321824984,1.0,-14687.0,-13121.0,0.0066518783569335,0,True,17,15,True,74,32,0.6660247445106506,34.52519226074219,-37136.33125274669,2025-11-19 22:15:32
ba_64_1_2.txt,barabasi_albert_10ins_m20,48,SpecAnn-NCV,0.7684732793678399,1.0,-14687.0,-13121.0,0.0066001415252685,0,True,17,15,True,75,32,0.6647388935089111,34.38791275024414,-36917.2576607604,2025-11-19 22:15:32
ba_64_1_2.txt,barabasi_albert_10ins_m20,48,SpecAnn-NCV,0.7735794702875677,1.0,-14687.0,-13121.0,0.0066502094268798,0,True,17,15,True,76,32,0.6634545922279358,34.25220489501953,-36700.52394992561,2025-11-19 22:15:32
ba_64_1_2.txt,barabasi_albert_10ins_m20,48,SpecAnn-NCV,0.7786521769046981,1.0,-14687.0,-13121.0,0.0066237449645996,0,True,17,15,True,77,32,0.6621716618537903,34.1180419921875,-36486.08091274018,2025-11-19 22:15:32
ba_64_1_2.txt,barabasi_albert_10ins_m20,48,SpecAnn-NCV,0.7836920494342511,1.0,-14687.0,-13121.0,0.0066015720367431,0,True,17,15,True,78,32,0.6608899831771851,33.98539352416992,-36273.87893945076,2025-11-19 22:15:32
ba_64_1_2.txt,barabasi_albert_10ins_m20,48,SpecAnn-NCV,0.788699717316095,1.0,-14687.0,-13121.0,0.0066306591033935,0,True,17,15,True,79,32,0.6596095561981201,33.854217529296875,-36063.86312089362,2025-11-19 22:15:32
ba_64_1_2.txt,barabasi_albert_10ins_m20,48,SpecAnn-NCV,0.7936757901325451,1.0,-14687.0,-13121.0,0.0066330432891845,0,True,17,15,True,80,32,0.6583302617073059,33.724491119384766,-35855.992699281014,2025-11-19 22:15:32
ba_64_1_2.txt,barabasi_albert_10ins_m20,48,SpecAnn-NCV,0.7986208584745024,1.0,-14687.0,-13121.0,0.0066444873809814,0,True,17,15,True,81,32,0.6570519804954529,33.5961799621582,-35650.21507866658,2025-11-19 22:15:32
ba_64_1_2.txt,barabasi_albert_10ins_m20,48,SpecAnn-NCV,0.803535494759617,1.0,-14687.0,-13121.0,0.0066397190093994,0,True,17,15,True,82,32,0.6557747721672058,33.46925354003906,-35446.49176544329,2025-11-19 22:15:32
ba_64_1_2.txt,barabasi_albert_10ins_m20,48,SpecAnn-NCV,0.8084202540056837,1.0,-14687.0,-13121.0,0.0066392421722412,0,True,17,15,True,83,32,0.6544984579086304,33.34368896484375,-35244.77970868753,2025-11-19 22:15:32
ba_64_1_2.txt,barabasi_albert_10ins_m20,48,SpecAnn-NCV,0.8132756745622272,1.0,-14687.0,-13121.0,0.0066871643066406,0,True,17,15,True,84,32,0.653222918510437,33.219451904296875,-35045.02732865067,2025-11-19 22:15:32
ba_64_1_2.txt,barabasi_albert_10ins_m20,48,SpecAnn-NCV,0.8181022788030096,1.0,-14687.0,-13121.0,0.0066332817077636,0,True,17,15,True,85,32,0.6519482135772705,33.09651565551758,-34847.201025453665,2025-11-19 22:15:32
ba_64_1_2.txt,barabasi_albert_10ins_m20,48,SpecAnn-NCV,0.822900573781978,1.0,-14687.0,-13121.0,0.0066258907318115,0,True,17,15,True,86,32,0.6506742238998413,32.97486114501953,-34651.2658767411,2025-11-19 22:15:32
ba_64_1_2.txt,barabasi_albert_10ins_m20,48,SpecAnn-NCV,0.8276710518549868,1.0,-14687.0,-13121.0,0.0066168308258056,0,True,17,15,True,87,32,0.6494008898735046,32.854461669921875,-34457.18238129098,2025-11-19 22:15:32
ba_64_1_2.txt,barabasi_albert_10ins_m20,48,SpecAnn-NCV,0.8324141912694495,1.0,-14687.0,-13121.0,0.0065915584564208,0,True,17,15,True,88,32,0.6481281518936157,32.73529052734375,-34264.91131216844,2025-11-19 22:15:32
ba_64_1_2.txt,barabasi_albert_10ins_m20,48,SpecAnn-NCV,0.8371304567239225,1.0,-14687.0,-13121.0,0.0066096782684326,0,True,17,15,True,89,32,0.646855890750885,32.6173210144043,-34074.41057546828,2025-11-19 22:15:32
ba_64_1_2.txt,barabasi_albert_10ins_m20,48,SpecAnn-NCV,0.8418202998994706,1.0,-14687.0,-13121.0,0.0066378116607666,0,True,17,15,True,90,32,0.6455841660499573,32.50053787231445,-33885.65971113418,2025-11-19 22:15:32
ba_64_1_2.txt,barabasi_albert_10ins_m20,48,SpecAnn-NCV,0.846484159964536,1.0,-14379.000000000002,-12621.000000000002,0.006620168685913,0,True,17,15,True,91,32,0.6443127989768982,32.384910583496094,-33698.60999801034,2025-11-19 22:15:32
ba_64_1_2.txt,barabasi_albert_10ins_m20,48,SpecAnn-NCV,0.8511224640549078,1.0,-14379.000000000002,-12621.000000000002,0.0065877437591552,0,True,17,15,True,92,32,0.6430418491363525,32.27042770385742,-33513.245337521774,2025-11-19 22:15:32
ba_64_1_2.txt,barabasi_albert_10ins_m20,48,SpecAnn-NCV,0.8557356277302758,1.0,-14379.000000000002,-12621.000000000002,0.0066194534301757,0,True,17,15,True,93,32,0.6417710781097412,32.15705871582031,-33329.51443903775,2025-11-19 22:15:32
ba_64_1_2.txt,barabasi_albert_10ins_m20,48,SpecAnn-NCV,0.8603240554087516,1.0,-14379.000000000002,-12621.000000000002,0.0066046714782714,0,True,17,15,True,94,32,0.6405007243156433,32.04478454589844,-33147.40295518149,2025-11-19 22:15:32
ba_64_1_2.txt,barabasi_albert_10ins_m20,48,SpecAnn-NCV,0.86488814078064,1.0,-14379.000000000002,-12621.000000000002,0.0066003799438476,0,True,17,15,True,95,32,0.639230489730835,31.93359375,-32966.87673626002,2025-11-19 22:15:32
ba_64_1_2.txt,barabasi_albert_10ins_m20,48,SpecAnn-NCV,0.8694282672026621,1.0,-14379.000000000002,-12621.000000000002,0.0065762996673583,0,True,17,15,True,96,32,0.6379603743553162,31.823457717895508,-32787.89957336755,2025-11-19 22:15:32
ba_64_1_2.txt,barabasi_albert_10ins_m20,48,SpecAnn-NCV,0.8739448080737451,1.0,-14379.000000000002,-12621.000000000002,0.0066080093383789,0,True,17,15,True,97,32,0.6366903781890869,31.71436309814453,-32610.45118349862,2025-11-19 22:15:32
ba_64_1_2.txt,barabasi_albert_10ins_m20,48,SpecAnn-NCV,0.878438127193422,1.0,-14379.000000000002,-12621.000000000002,0.0065827369689941,0,True,17,15,True,98,32,0.6354204416275024,31.60628700256348,-32434.498565279777,2025-11-19 22:15:32
ba_64_1_2.txt,barabasi_albert_10ins_m20,48,SpecAnn-NCV,0.8829085791038153,1.0,-14379.000000000002,-12621.000000000002,0.0066242218017578,0,True,17,15,True,99,32,0.634150505065918,31.499217987060547,-32260.02066801657,2025-11-19 22:15:32
ba_64_1_2.txt,barabasi_albert_10ins_m20,48,SpecAnn-NCV,0.8873565094161138,1.0,-14379.000000000002,-12621.000000000002,0.0066027641296386,0,True,17,15,True,100,32,0.632880449295044,31.39313125610352,-32086.97990783785,2025-11-19 22:15:32
ba_64_1_2.txt,barabasi_albert_10ins_m20,48,SpecAnn-NCV,0.8917822551223932,1.0,-14379.000000000002,-12621.000000000002,0.006587266921997,0,True,17,15,True,101,32,0.6316103339195251,31.288015365600582,-31915.361639885145,2025-11-19 22:15:32
ba_64_1_2.txt,barabasi_albert_10ins_m20,48,SpecAnn-NCV,0.8961861448935777,1.0,-14379.000000000002,-12621.000000000002,0.0065906047821044,0,True,17,15,True,102,32,0.6303401589393616,31.183853149414062,-31745.142445127545,2025-11-19 22:15:32
ba_64_1_2.txt,barabasi_albert_10ins_m20,48,SpecAnn-NCV,0.9005684993642872,1.0,-14379.000000000002,-12995.0,0.0066213607788085,0,True,17,15,True,103,32,0.6290696859359741,31.08062744140625,-31576.287077362394,2025-11-19 22:15:32
ba_64_1_2.txt,barabasi_albert_10ins_m20,48,SpecAnn-NCV,0.9049296314052688,1.0,-14379.000000000002,-12995.0,0.0066006183624267,0,True,17,15,True,104,32,0.6277990937232971,30.978321075439453,-31408.78146241178,2025-11-19 22:15:32
ba_64_1_2.txt,barabasi_albert_10ins_m20,48,SpecAnn-NCV,0.9092698463840684,1.0,-14379.000000000002,-12995.0,0.0066087245941162,0,True,17,15,True,105,32,0.6265281438827515,30.876922607421875,-31242.59653121362,2025-11-19 22:15:32
ba_64_1_2.txt,barabasi_albert_10ins_m20,48,SpecAnn-NCV,0.9135894424145556,1.0,-14379.000000000002,-12995.0,0.0065951347351074,0,True,17,15,True,106,32,0.6252569556236267,30.776416778564453,-31077.71738585012,2025-11-19 22:15:32
ba_64_1_2.txt,barabasi_albert_10ins_m20,48,SpecAnn-NCV,0.9178887105958816,1.0,-14379.000000000002,-12995.0,0.0065953731536865,0,True,17,15,True,107,32,0.6239854097366333,30.676788330078125,-30914.117361909648,2025-11-19 22:15:32
ba_64_1_2.txt,barabasi_albert_10ins_m20,48,SpecAnn-NCV,0.922167935241408,1.0,-14379.000000000002,-12995.0,0.0066075325012207,0,True,17,15,True,108,32,0.6227134466171265,30.578022003173828,-30751.772937814087,2025-11-19 22:15:32
ba_64_1_2.txt,barabasi_albert_10ins_m20,48,SpecAnn-NCV,0.92642739409812,1.0,-14379.000000000002,-12995.0,0.0065834522247314,0,True,17,15,True,109,32,0.6214410662651062,30.480104446411133,-30590.665600385004,2025-11-19 22:15:32
ba_64_1_2.txt,barabasi_albert_10ins_m20,48,SpecAnn-NCV,0.9306673585570006,1.0,-14379.000000000002,-12995.0,0.006589651107788,0,True,17,15,True,110,32,0.6201682090759277,30.38302230834961,-30430.774018022268,2025-11-19 22:15:32
ba_64_1_2.txt,barabasi_albert_10ins_m20,48,SpecAnn-NCV,0.9348880938548184,1.0,-14379.000000000002,-12995.0,0.0065791606903076,0,True,17,15,True,111,32,0.6188948154449463,30.286762237548828,-30272.077002573893,2025-11-19 22:15:32
ba_64_1_2.txt,barabasi_albert_10ins_m20,48,SpecAnn-NCV,0.9390898592677528,1.0,-14379.000000000002,-12995.0,0.0066604614257812,0,True,17,15,True,112,32,0.6176209449768066,30.191314697265625,-30114.56312616901,2025-11-19 22:15:32
ba_64_1_2.txt,barabasi_albert_10ins_m20,48,SpecAnn-NCV,0.9432729082972536,1.0,-14379.000000000002,-12995.0,0.0065968036651611,0,True,17,15,True,113,32,0.6163464784622192,30.096660614013672,-29958.20281441564,2025-11-19 22:15:32
ba_64_1_2.txt,barabasi_albert_10ins_m20,48,SpecAnn-NCV,0.9474374888485204,1.0,-14379.000000000002,-12995.0,0.0066864490509033,0,True,17,15,True,114,32,0.6150714159011841,30.00279426574707,-29802.98575729034,2025-11-19 22:15:32
ba_64_1_2.txt,barabasi_albert_10ins_m20,48,SpecAnn-NCV,0.9515838434019476,1.0,-14379.000000000002,-12995.0,0.0065910816192626,0,True,17,15,True,115,32,0.6137956976890564,29.909698486328125,-29648.88746388741,2025-11-19 22:15:32
ba_64_1_2.txt,barabasi_albert_10ins_m20,48,SpecAnn-NCV,0.9557122091778746,1.0,-14379.000000000002,-12995.0,0.0065915584564208,0,True,17,15,True,116,32,0.6125193238258362,29.81736946105957,-29495.89969359365,2025-11-19 22:15:32
ba_64_1_2.txt,barabasi_albert_10ins_m20,48,SpecAnn-NCV,0.9598228182949629,1.0,-14379.000000000002,-12995.0,0.0065877437591552,0,True,17,15,True,117,32,0.6112422347068787,29.72578811645508,-29343.996308111164,2025-11-19 22:15:32
ba_64_1_2.txt,barabasi_albert_10ins_m20,48,SpecAnn-NCV,0.963915897922488,1.0,-14379.000000000002,-12995.0,0.0065674781799316,0,True,17,15,True,118,32,0.6099643111228943,29.634944915771484,-29193.157898552257,2025-11-19 22:15:32
ba_64_1_2.txt,barabasi_albert_10ins_m20,48,SpecAnn-NCV,0.967991670426842,1.0,-14379.000000000002,-12995.0,0.0065798759460449,0,True,17,15,True,119,32,0.6086857914924622,29.54483222961425,-29043.384138164536,2025-11-19 22:15:33
ba_64_1_2.txt,barabasi_albert_10ins_m20,48,SpecAnn-NCV,0.9720503535125016,1.0,-14379.000000000002,-13109.000000000002,0.0066111087799072,0,True,17,15,True,120,32,0.6074063181877136,29.45543670654297,-28894.640652259983,2025-11-19 22:15:33
ba_64_1_2.txt,barabasi_albert_10ins_m20,48,SpecAnn-NCV,0.9760921603577252,1.0,-14379.000000000002,-13109.000000000002,0.006582498550415,0,True,17,15,True,121,32,0.606126070022583,29.366748809814453,-28746.92255337462,2025-11-19 22:15:33
ba_64_1_2.txt,barabasi_albert_10ins_m20,48,SpecAnn-NCV,0.9801172997452104,1.0,-14379.000000000002,-13109.000000000002,0.0065691471099853,0,True,17,15,True,122,32,0.6048449277877808,29.27875518798828,-28600.207106342736,2025-11-19 22:15:33
ba_64_1_2.txt,barabasi_albert_10ins_m20,48,SpecAnn-NCV,0.9841259761879442,1.0,-14379.000000000002,-13109.000000000002,0.0065746307373046,0,True,17,15,True,123,32,0.6035629510879517,29.191452026367188,-28454.48947449612,2025-11-19 22:15:33
ba_64_1_2.txt,barabasi_albert_10ins_m20,48,SpecAnn-NCV,0.9881183900504562,1.0,-14379.000000000002,-13109.000000000002,0.0066657066345214,0,True,17,15,True,124,32,0.6022799611091614,29.10482406616211,-28309.742475251216,2025-11-19 22:15:33
ba_64_1_2.txt,barabasi_albert_10ins_m20,48,SpecAnn-NCV,0.9920947376656812,1.0,-14379.000000000002,-13109.000000000002,0.0065658092498779,0,True,17,15,True,125,32,0.6009960770606995,29.01886558532715,-28165.96236971637,2025-11-19 22:15:33
ba_64_1_2.txt,barabasi_albert_10ins_m20,48,SpecAnn-NCV,0.9960552114476228,1.0,-14379.000000000002,-13109.000000000002,0.0066192150115966,0,True,17,15,True,126,32,0.5997112393379211,28.93356704711914,-28023.13334395587,2025-11-19 22:15:33
ba_64_1_2.txt,barabasi_albert_10ins_m20,48,SpecAnn-NCV,1.0,1.0,-14379.000000000002,-13109.000000000002,0.0065922737121582,0,True,17,15,True,127,32,0.5984253287315369,28.848915100097656,-27881.233226253484,2025-11-19 22:15:33
ba_64_1_2.txt,barabasi_albert_10ins_m20,49,SpecAnn-NCV,0.0,1.0,-14609.000000000002,-12785.0,0.0129501819610595,0,True,19,29,True,0,32,0.8000581860542297,65.0,-83986.10808104277,2025-11-19 22:15:33
ba_64_1_2.txt,barabasi_albert_10ins_m20,49,SpecAnn-NCV,0.0887356509416113,1.0,-14609.000000000002,-12785.0,0.0066561698913574,0,True,19,15,True,1,32,0.7888097167015076,60.13826370239258,-76611.79950771782,2025-11-19 22:15:33
ba_64_1_2.txt,barabasi_albert_10ins_m20,49,SpecAnn-NCV,0.1254911610276317,1.0,-14609.000000000002,-12785.0,0.0066220760345458,0,True,19,15,True,2,32,0.7838965058326721,58.25138092041016,-73745.83215095157,2025-11-19 22:15:33
ba_64_1_2.txt,barabasi_albert_10ins_m20,49,SpecAnn-NCV,0.1536946558735679,1.0,-14609.000000000002,-12785.0,0.0066063404083251,0,True,19,15,True,3,32,0.7800198197364807,56.851051330566406,-71617.08909927699,2025-11-19 22:15:33
ba_64_1_2.txt,barabasi_albert_10ins_m20,49,SpecAnn-NCV,0.1774713018832227,1.0,-14609.000000000002,-12785.0,0.0065813064575195,0,True,19,15,True,4,32,0.7766770124435425,55.70153045654297,-69868.28869558606,2025-11-19 22:15:33
ba_64_1_2.txt,barabasi_albert_10ins_m20,49,SpecAnn-NCV,0.1984189475331362,1.0,-14609.000000000002,-12785.0,0.0066075325012207,0,True,19,15,True,5,32,0.7736740112304688,54.71164321899414,-68361.2969994529,2025-11-19 22:15:33
ba_64_1_2.txt,barabasi_albert_10ins_m20,49,SpecAnn-NCV,0.2173570668006655,1.0,-14609.000000000002,-12785.0,0.0066101551055908,0,True,19,15,True,6,32,0.7709110975265503,53.83471298217773,-67025.3709372397,2025-11-19 22:15:33
ba_64_1_2.txt,barabasi_albert_10ins_m20,49,SpecAnn-NCV,0.2347724648169381,1.0,-14609.000000000002,-12985.000000000002,0.0066466331481933,0,True,19,15,True,7,32,0.7683293223381042,53.043060302734375,-65818.57980207965,2025-11-19 22:15:33
ba_64_1_2.txt,barabasi_albert_10ins_m20,49,SpecAnn-NCV,0.2509823220552634,1.0,-14609.000000000002,-12985.000000000002,0.0066068172454833,0,True,19,15,True,8,32,0.7658901810646057,52.318660736083984,-64713.61289891052,2025-11-19 22:15:33
ba_64_1_2.txt,barabasi_albert_10ins_m20,49,SpecAnn-NCV,0.2662069528248341,1.0,-14609.000000000002,-12985.000000000002,0.0066063404083251,0,True,19,15,True,9,32,0.7635669112205505,51.64904022216797,-63691.55944756404,2025-11-19 22:15:33
ba_64_1_2.txt,barabasi_albert_10ins_m20,49,SpecAnn-NCV,0.2806067666331568,1.0,-14609.000000000002,-12985.000000000002,0.0065898895263671,0,True,19,15,True,10,32,0.761340320110321,51.02510833740234,-62738.66778914767,2025-11-19 22:15:33
ba_64_1_2.txt,barabasi_albert_10ins_m20,49,SpecAnn-NCV,0.2943028597012718,1.0,-14609.000000000002,-12985.000000000002,0.0066237449645996,0,True,19,15,True,11,32,0.7591955661773682,50.44002151489258,-61844.55271757596,2025-11-19 22:15:33
ba_64_1_2.txt,barabasi_albert_10ins_m20,49,SpecAnn-NCV,0.3073893117471359,1.0,-14609.000000000002,-12985.000000000002,0.006570816040039,0,True,19,15,True,12,32,0.7571213841438293,49.88847351074219,-61001.18263940056,2025-11-19 22:15:33
ba_64_1_2.txt,barabasi_albert_10ins_m20,49,SpecAnn-NCV,0.3199409394316542,1.0,-14609.000000000002,-12985.000000000002,0.0066046714782714,0,True,19,15,True,13,32,0.7551087737083435,49.366249084472656,-60202.1738111422,2025-11-19 22:15:33
ba_64_1_2.txt,barabasi_albert_10ins_m20,49,SpecAnn-NCV,0.3320184038158743,1.0,-14609.000000000002,-12985.000000000002,0.0065963268280029,0,True,19,15,True,14,32,0.7531503438949585,48.86992645263672,-59442.339090988346,2025-11-19 22:15:33
ba_64_1_2.txt,barabasi_albert_10ins_m20,49,SpecAnn-NCV,0.3436716983117353,1.0,-14687.0,-13065.0,0.0066480636596679,0,True,19,15,True,15,32,0.7512401938438416,48.396705627441406,-58717.44408489431,2025-11-19 22:15:33
ba_64_1_2.txt,barabasi_albert_10ins_m20,49,SpecAnn-NCV,0.3549426037664455,1.0,-14687.0,-13065.0,0.0065944194793701,0,True,19,15,True,16,32,0.749373197555542,47.94424057006836,-58023.92810948829,2025-11-19 22:15:33
ba_64_1_2.txt,barabasi_albert_10ins_m20,49,SpecAnn-NCV,0.3658664615902029,1.0,-14687.0,-13065.0,0.0065786838531494,0,True,19,15,True,17,32,0.7475452423095703,47.51054763793945,-57358.79841171609,2025-11-19 22:15:33
ba_64_1_2.txt,barabasi_albert_10ins_m20,49,SpecAnn-NCV,0.3764734830828951,1.0,-14687.0,-13065.0,0.0065767765045166,0,True,19,15,True,18,32,0.7457524538040161,47.09394836425781,-56719.49049642331,2025-11-19 22:15:33
ba_64_1_2.txt,barabasi_albert_10ins_m20,49,SpecAnn-NCV,0.3867897351437838,1.0,-14687.0,-13065.0,0.0065956115722656,0,True,19,15,True,19,32,0.7439919710159302,46.69297409057617,-56103.80448938329,2025-11-19 22:15:33
ba_64_1_2.txt,barabasi_albert_10ins_m20,49,SpecAnn-NCV,0.3968378950662725,1.0,-14687.0,-13065.0,0.0066006183624267,0,True,19,15,True,20,32,0.7422609329223633,46.30636978149414,-55509.825913329536,2025-11-19 22:15:33
ba_64_1_2.txt,barabasi_albert_10ins_m20,49,SpecAnn-NCV,0.4066378372811136,1.0,-14803.0,-13433.000000000002,0.006622314453125,0,True,19,15,True,21,32,0.7405569553375244,45.93302154541016,-54935.8700149718,2025-11-19 22:15:33
ba_64_1_2.txt,barabasi_albert_10ins_m20,49,SpecAnn-NCV,0.4162070956347247,1.0,-14803.0,-13433.000000000002,0.0066015720367431,0,True,19,15,True,22,32,0.738878071308136,45.57196044921875,-54380.477421555785,2025-11-19 22:15:33
ba_64_1_2.txt,barabasi_albert_10ins_m20,49,SpecAnn-NCV,0.4255612320274539,1.0,-14803.0,-13433.000000000002,0.0065820217132568,0,True,19,15,True,23,32,0.7372222542762756,45.22232055664063,-53842.32528355911,2025-11-19 22:15:33
ba_64_1_2.txt,barabasi_albert_10ins_m20,49,SpecAnn-NCV,0.434714133601331,1.0,-14803.0,-13433.000000000002,0.0065557956695556,0,True,19,15,True,24,32,0.7355878353118896,44.883331298828125,-53320.246506381554,2025-11-19 22:15:33
ba_64_1_2.txt,barabasi_albert_10ins_m20,49,SpecAnn-NCV,0.4436782547080569,1.0,-14803.0,-13433.000000000002,0.0065655708312988,0,True,19,15,True,25,32,0.7339735627174377,44.55430603027344,-52813.21761128015,2025-11-19 22:15:33
ba_64_1_2.txt,barabasi_albert_10ins_m20,49,SpecAnn-NCV,0.4524648157026343,1.0,-14803.0,-13433.000000000002,0.006563663482666,0,True,19,15,True,26,32,0.7323777675628662,44.234619140625,-52320.26935855538,2025-11-19 22:15:33
ba_64_1_2.txt,barabasi_albert_10ins_m20,49,SpecAnn-NCV,0.4610839676207039,1.0,-14803.0,-13433.000000000002,0.0065674781799316,0,True,19,15,True,27,32,0.7307994365692139,43.92371368408203,-51840.57171795271,2025-11-19 22:15:33
ba_64_1_2.txt,barabasi_albert_10ins_m20,49,SpecAnn-NCV,0.4695449296338763,1.0,-14803.0,-13433.000000000002,0.0066113471984863,0,True,19,15,True,28,32,0.7292374968528748,43.6210823059082,-51373.358126299565,2025-11-19 22:15:33
ba_64_1_2.txt,barabasi_albert_10ins_m20,49,SpecAnn-NCV,0.4778561045889373,1.0,-14803.0,-13433.000000000002,0.0066123008728027,0,True,19,15,True,29,32,0.7276909947395325,43.326263427734375,-50917.93274730121,2025-11-19 22:15:33
ba_64_1_2.txt,barabasi_albert_10ins_m20,49,SpecAnn-NCV,0.4860251767562508,1.0,-14803.0,-13433.000000000002,0.0066211223602294,0,True,19,15,True,30,32,0.7261587381362915,43.0388298034668,-50473.63108063112,2025-11-19 22:15:33
ba_64_1_2.txt,barabasi_albert_10ins_m20,49,SpecAnn-NCV,0.4940591950252281,1.0,-14803.0,-13433.000000000002,0.0065739154815673,0,True,19,15,True,31,32,0.7246401906013489,42.75839614868164,-50039.890521006666,2025-11-19 22:15:33
ba_64_1_2.txt,barabasi_albert_10ins_m20,49,SpecAnn-NCV,0.5019646441105269,1.0,-14803.0,-13433.000000000002,0.0065977573394775,0,True,19,15,True,32,32,0.7231343388557434,42.48461151123047,-49616.16155259755,2025-11-19 22:15:33
ba_64_1_2.txt,barabasi_albert_10ins_m20,49,SpecAnn-NCV,0.5097475058154177,1.0,-14803.0,-13433.000000000002,0.0066027641296386,0,True,19,15,True,33,32,0.7216405272483826,42.21714782714844,-49201.95177930369,2025-11-19 22:15:33
ba_64_1_2.txt,barabasi_albert_10ins_m20,49,SpecAnn-NCV,0.51741331199832,1.0,-14803.0,-13433.000000000002,0.0065884590148925,0,True,19,15,True,34,32,0.7201582193374634,41.95569610595703,-48796.80412894856,2025-11-19 22:15:33
ba_64_1_2.txt,barabasi_albert_10ins_m20,49,SpecAnn-NCV,0.5249671905758515,1.0,-14803.0,-13433.000000000002,0.0066015720367431,0,True,19,15,True,35,32,0.7186867594718933,41.69998550415039,-48400.30233498447,2025-11-19 22:15:33
ba_64_1_2.txt,barabasi_albert_10ins_m20,49,SpecAnn-NCV,0.5324139056496683,1.0,-14803.0,-13433.000000000002,0.0065727233886718,0,True,19,15,True,36,32,0.7172255516052246,41.44974899291992,-48012.04282283233,2025-11-19 22:15:33
ba_64_1_2.txt,barabasi_albert_10ins_m20,49,SpecAnn-NCV,0.5397578926492556,1.0,-14803.0,-13433.000000000002,0.0066053867340087,0,True,19,15,True,37,32,0.7157739996910095,41.20475006103516,-47631.66134329064,2025-11-19 22:15:33
ba_64_1_2.txt,barabasi_albert_10ins_m20,49,SpecAnn-NCV,0.5470032892270364,1.0,-14803.0,-13433.000000000002,0.006606101989746,0,True,19,15,True,38,32,0.7143315672874451,40.96476745605469,-47258.81886282557,2025-11-19 22:15:33
ba_64_1_2.txt,barabasi_albert_10ins_m20,49,SpecAnn-NCV,0.554153962516942,1.0,-14803.0,-13433.000000000002,0.0065958499908447,0,True,19,15,True,39,32,0.7128981947898865,40.72957611083984,-46893.20667361964,2025-11-19 22:15:33
ba_64_1_2.txt,barabasi_albert_10ins_m20,49,SpecAnn-NCV,0.5612135332663137,1.0,-14803.0,-13433.000000000002,0.0066123008728027,0,True,19,15,True,40,32,0.7114729881286621,40.49899673461914,-46534.51669013274,2025-11-19 22:15:33
ba_64_1_2.txt,barabasi_albert_10ins_m20,49,SpecAnn-NCV,0.5681853972686127,1.0,-14803.0,-13433.000000000002,0.0066053867340087,0,True,19,15,True,41,32,0.7100557684898376,40.27284240722656,-46182.48196454441,2025-11-19 22:15:33
ba_64_1_2.txt,barabasi_albert_10ins_m20,49,SpecAnn-NCV,0.5750727444570146,1.0,-14803.0,-13433.000000000002,0.0065822601318359,0,True,19,15,True,42,32,0.7086459994316101,40.050926208496094,-45836.81473935793,2025-11-19 22:15:33
ba_64_1_2.txt,barabasi_albert_10ins_m20,49,SpecAnn-NCV,0.5818785759635375,1.0,-14803.0,-13433.000000000002,0.0065903663635253,0,True,19,15,True,43,32,0.7072435021400452,39.833106994628906,-45497.30533858077,2025-11-19 22:15:33
ba_64_1_2.txt,barabasi_albert_10ins_m20,49,SpecAnn-NCV,0.5886057194025436,1.0,-14803.0,-13433.000000000002,0.0065739154815673,0,True,19,15,True,44,32,0.7058478593826294,39.61921691894531,-45163.70021603557,2025-11-19 22:15:33
ba_64_1_2.txt,barabasi_albert_10ins_m20,49,SpecAnn-NCV,0.5952568425994088,1.0,-14803.0,-13433.000000000002,0.0066125392913818,0,True,19,15,True,45,32,0.7044587135314941,39.409122467041016,-44835.79103897696,2025-11-19 22:15:33
ba_64_1_2.txt,barabasi_albert_10ins_m20,49,SpecAnn-NCV,0.6018344659534288,1.0,-14803.0,-13433.000000000002,0.0066332817077636,0,True,19,15,True,46,32,0.7030758857727051,39.20268249511719,-44513.37406267183,2025-11-19 22:15:33
ba_64_1_2.txt,barabasi_albert_10ins_m20,49,SpecAnn-NCV,0.6083409735974393,1.0,-14803.0,-13433.000000000002,0.0065705776214599,0,True,19,15,True,47,32,0.7016988396644592,38.99977111816406,-44196.24203738427,2025-11-19 22:15:33
ba_64_1_2.txt,barabasi_albert_10ins_m20,49,SpecAnn-NCV,0.6147786234942719,1.0,-14803.0,-13433.000000000002,0.0065972805023193,0,True,19,15,True,48,32,0.7003275752067566,38.80026626586914,-43884.22767203453,2025-11-19 22:15:33
ba_64_1_2.txt,barabasi_albert_10ins_m20,49,SpecAnn-NCV,0.6211495565912796,1.0,-14803.0,-13433.000000000002,0.0066096782684326,0,True,19,15,True,49,32,0.6989617347717285,38.60405731201172,-43577.15557186997,2025-11-19 22:15:33
ba_64_1_2.txt,barabasi_albert_10ins_m20,49,SpecAnn-NCV,0.6274558051381586,1.0,-14803.0,-13433.000000000002,0.0066137313842773,0,True,19,15,True,50,32,0.6976011395454407,38.41102981567383,-43274.85874540266,2025-11-19 22:15:33
ba_64_1_2.txt,barabasi_albert_10ins_m20,49,SpecAnn-NCV,0.6336993002596786,1.0,-14803.0,-13433.000000000002,0.0065915584564208,0,True,19,15,True,51,32,0.6962454319000244,38.22108459472656,-42977.17771541857,2025-11-19 22:15:33
ba_64_1_2.txt,barabasi_albert_10ins_m20,49,SpecAnn-NCV,0.6398818788633085,1.0,-14687.0,-13353.0,0.0066165924072265,0,True,19,15,True,52,32,0.6948944926261902,38.03412628173828,-42683.973389321785,2025-11-19 22:15:33
ba_64_1_2.txt,barabasi_albert_10ins_m20,49,SpecAnn-NCV,0.6460052899517691,1.0,-14687.0,-13353.0,0.006568431854248,0,True,19,15,True,53,32,0.6935479640960693,37.85005187988281,-42395.08467189067,2025-11-19 22:15:33
ba_64_1_2.txt,barabasi_albert_10ins_m20,49,SpecAnn-NCV,0.6520712004019966,1.0,-14687.0,-13353.0,0.0065772533416748,0,True,19,15,True,54,32,0.6922059059143066,37.66877746582031,-42110.3986221163,2025-11-19 22:15:33
ba_64_1_2.txt,barabasi_albert_10ins_m20,49,SpecAnn-NCV,0.6580812002646271,1.0,-14687.0,-13353.0,0.0065634250640869,0,True,19,15,True,55,32,0.6908679008483887,37.4902229309082,-41829.7784640627,2025-11-19 22:15:33
ba_64_1_2.txt,barabasi_albert_10ins_m20,49,SpecAnn-NCV,0.6640368076317485,1.0,-14687.0,-13353.0,0.0065555572509765,0,True,19,15,True,56,32,0.6895338296890259,37.31430816650391,-41553.10666677718,2025-11-19 22:15:33
ba_64_1_2.txt,barabasi_albert_10ins_m20,49,SpecAnn-NCV,0.6699394731151429,1.0,-14687.0,-13353.0,0.0065581798553466,0,True,19,15,True,57,32,0.6882035136222839,37.14094924926758,-41280.2588127698,2025-11-19 22:15:33
ba_64_1_2.txt,barabasi_albert_10ins_m20,49,SpecAnn-NCV,0.6757905839724513,1.0,-14803.0,-13121.0,0.0066215991973876,0,True,19,15,True,58,32,0.6868767738342285,36.9700813293457,-41011.13265990239,2025-11-19 22:15:33
ba_64_1_2.txt,barabasi_albert_10ins_m20,49,SpecAnn-NCV,0.6815914679145113,1.0,-14803.0,-13121.0,0.0065681934356689,0,True,19,15,True,59,32,0.6855534911155701,36.80162811279297,-40745.61767981134,2025-11-19 22:15:33
ba_64_1_2.txt,barabasi_albert_10ins_m20,49,SpecAnn-NCV,0.6873433966234707,1.0,-14803.0,-13121.0,0.0066001415252685,0,True,19,15,True,60,32,0.6842334270477295,36.63552474975586,-40483.60980171604,2025-11-19 22:15:33
ba_64_1_2.txt,barabasi_albert_10ins_m20,49,SpecAnn-NCV,0.6930475890080863,1.0,-14803.0,-13121.0,0.0065858364105224,0,True,19,15,True,61,32,0.6829166412353516,36.47170639038086,-40225.0233936089,2025-11-19 22:15:33
ba_64_1_2.txt,barabasi_albert_10ins_m20,49,SpecAnn-NCV,0.6987052142198116,1.0,-14803.0,-13121.0,0.0065846443176269,0,True,19,15,True,62,32,0.6816027760505676,36.31011199951172,-39969.75311718236,2025-11-19 22:15:33
ba_64_1_2.txt,barabasi_albert_10ins_m20,49,SpecAnn-NCV,0.7043173944508145,1.0,-14803.0,-13121.0,0.0065631866455078,0,True,19,15,True,63,32,0.6802917718887329,36.15068435668945,-39717.71618234414,2025-11-19 22:15:33
ba_64_1_2.txt,barabasi_albert_10ins_m20,49,SpecAnn-NCV,0.709885207532891,1.0,-14803.0,-13121.0,0.0065968036651611,0,True,19,15,True,64,32,0.6789835095405579,35.99336242675781,-39468.82275820671,2025-11-19 22:15:33
ba_64_1_2.txt,barabasi_albert_10ins_m20,49,SpecAnn-NCV,0.7154096893543218,1.0,-14803.0,-13121.0,0.0065984725952148,0,True,19,15,True,65,32,0.6776778101921082,35.838096618652344,-39222.99278334015,2025-11-19 22:15:33
ba_64_1_2.txt,barabasi_albert_10ins_m20,49,SpecAnn-NCV,0.7208918361100219,1.0,-14803.0,-13121.0,0.0066025257110595,0,True,19,15,True,66,32,0.6763745546340942,35.684837341308594,-38980.15028172708,2025-11-19 22:15:33
ba_64_1_2.txt,barabasi_albert_10ins_m20,49,SpecAnn-NCV,0.7263326063988248,1.0,-14803.0,-13121.0,0.0066430568695068,0,True,19,15,True,67,32,0.6750736832618713,35.53352355957031,-38740.21080524005,2025-11-19 22:15:33
ba_64_1_2.txt,barabasi_albert_10ins_m20,49,SpecAnn-NCV,0.7317329231804058,1.0,-14803.0,-13121.0,0.0065987110137939,0,True,19,15,True,68,32,0.6737751364707947,35.384117126464844,-38503.11542843863,2025-11-19 22:15:33
ba_64_1_2.txt,barabasi_albert_10ins_m20,49,SpecAnn-NCV,0.7370936756031579,1.0,-14803.0,-13121.0,0.0065934658050537,0,True,19,15,True,69,32,0.6724786758422852,35.236572265625,-38268.78718532971,2025-11-19 22:15:33
ba_64_1_2.txt,barabasi_albert_10ins_m20,49,SpecAnn-NCV,0.7424157207132704,1.0,-14803.0,-13121.0,0.0065810680389404,0,True,19,15,True,70,32,0.6711841821670532,35.09083557128906,-38037.14824577582,2025-11-19 22:15:33
ba_64_1_2.txt,barabasi_albert_10ins_m20,49,SpecAnn-NCV,0.7476998850543153,1.0,-14803.0,-13121.0,0.0066175460815429,0,True,19,15,True,71,32,0.6698917150497437,34.946868896484375,-37808.14797420541,2025-11-19 22:15:33
ba_64_1_2.txt,barabasi_albert_10ins_m20,49,SpecAnn-NCV,0.7529469661657903,1.0,-14803.0,-13121.0,0.0065977573394775,0,True,19,15,True,72,32,0.6686009764671326,34.80463409423828,-37581.71593069719,2025-11-19 22:15:33
ba_64_1_2.txt,barabasi_albert_10ins_m20,49,SpecAnn-NCV,0.7581577339883167,1.0,-14803.0,-13121.0,0.0066463947296142,0,True,19,15,True,73,32,0.6673120260238647,34.66408920288086,-37357.798207937936,2025-11-19 22:15:33
ba_64_1_2.txt,barabasi_albert_10ins_m20,49,SpecAnn-NCV,0.7633329321824984,1.0,-14803.0,-13121.0,0.0066645145416259,0,True,19,15,True,74,32,0.6660247445106506,34.52519226074219,-37136.33125274669,2025-11-19 22:15:33
ba_64_1_2.txt,barabasi_albert_10ins_m20,49,SpecAnn-NCV,0.7684732793678399,1.0,-14803.0,-13121.0,0.006657600402832,0,True,19,15,True,75,32,0.6647388935089111,34.38791275024414,-36917.2576607604,2025-11-19 22:15:33
ba_64_1_2.txt,barabasi_albert_10ins_m20,49,SpecAnn-NCV,0.7735794702875677,1.0,-14803.0,-13121.0,0.0065958499908447,0,True,19,15,True,76,32,0.6634545922279358,34.25220489501953,-36700.52394992561,2025-11-19 22:15:33
ba_64_1_2.txt,barabasi_albert_10ins_m20,49,SpecAnn-NCV,0.7786521769046981,1.0,-14803.0,-13121.0,0.0066149234771728,0,True,19,15,True,77,32,0.6621716618537903,34.1180419921875,-36486.08091274018,2025-11-19 22:15:33
ba_64_1_2.txt,barabasi_albert_10ins_m20,49,SpecAnn-NCV,0.7836920494342511,1.0,-14803.0,-13121.0,0.0066382884979248,0,True,19,15,True,78,32,0.6608899831771851,33.98539352416992,-36273.87893945076,2025-11-19 22:15:33
ba_64_1_2.txt,barabasi_albert_10ins_m20,49,SpecAnn-NCV,0.788699717316095,1.0,-14803.0,-13121.0,0.0066208839416503,0,True,19,15,True,79,32,0.6596094965934753,33.854217529296875,-36063.85986203582,2025-11-19 22:15:33
ba_64_1_2.txt,barabasi_albert_10ins_m20,49,SpecAnn-NCV,0.7936757901325451,1.0,-14803.0,-13121.0,0.006655216217041,0,True,19,15,True,80,32,0.6583302617073059,33.724491119384766,-35855.992699281014,2025-11-19 22:15:33
ba_64_1_2.txt,barabasi_albert_10ins_m20,49,SpecAnn-NCV,0.7986208584745024,1.0,-14803.0,-13121.0,0.0065963268280029,0,True,19,15,True,81,32,0.6570520401000977,33.5961799621582,-35650.218312685305,2025-11-19 22:15:33
ba_64_1_2.txt,barabasi_albert_10ins_m20,49,SpecAnn-NCV,0.803535494759617,1.0,-14803.0,-13121.0,0.0065939426422119,0,True,19,15,True,82,32,0.6557747721672058,33.46925354003906,-35446.49176544329,2025-11-19 22:15:33
ba_64_1_2.txt,barabasi_albert_10ins_m20,49,SpecAnn-NCV,0.8084202540056837,1.0,-14803.0,-13121.0,0.0066018104553222,0,True,19,15,True,83,32,0.6544984579086304,33.34368896484375,-35244.77970868753,2025-11-19 22:15:33
ba_64_1_2.txt,barabasi_albert_10ins_m20,49,SpecAnn-NCV,0.8132756745622272,1.0,-14803.0,-13121.0,0.0065972805023193,0,True,19,15,True,84,32,0.653222918510437,33.219451904296875,-35045.02732865067,2025-11-19 22:15:33
ba_64_1_2.txt,barabasi_albert_10ins_m20,49,SpecAnn-NCV,0.8181022788030096,1.0,-14803.0,-13121.0,0.0066332817077636,0,True,19,15,True,85,32,0.6519482135772705,33.09651565551758,-34847.201025453665,2025-11-19 22:15:33
ba_64_1_2.txt,barabasi_albert_10ins_m20,49,SpecAnn-NCV,0.822900573781978,1.0,-14803.0,-13121.0,0.0066065788269042,0,True,19,15,True,86,32,0.6506742238998413,32.97486114501953,-34651.2658767411,2025-11-19 22:15:33
ba_64_1_2.txt,barabasi_albert_10ins_m20,49,SpecAnn-NCV,0.8276710518549868,1.0,-14803.0,-13121.0,0.0065984725952148,0,True,19,15,True,87,32,0.6494008898735046,32.854461669921875,-34457.18238129098,2025-11-19 22:15:33
ba_64_1_2.txt,barabasi_albert_10ins_m20,49,SpecAnn-NCV,0.8324141912694495,1.0,-14803.0,-13121.0,0.0066094398498535,0,True,19,15,True,88,32,0.6481281518936157,32.73529052734375,-34264.91131216844,2025-11-19 22:15:33
ba_64_1_2.txt,barabasi_albert_10ins_m20,49,SpecAnn-NCV,0.8371304567239225,1.0,-14803.0,-13121.0,0.006617784500122,0,True,19,15,True,89,32,0.6468559503555298,32.6173210144043,-34074.413715260576,2025-11-19 22:15:33
ba_64_1_2.txt,barabasi_albert_10ins_m20,49,SpecAnn-NCV,0.8418202998994706,1.0,-14803.0,-13121.0,0.0065958499908447,0,True,19,15,True,90,32,0.6455841660499573,32.50053787231445,-33885.65971113418,2025-11-19 22:15:33
ba_64_1_2.txt,barabasi_albert_10ins_m20,49,SpecAnn-NCV,0.846484159964536,1.0,-14803.0,-12621.000000000002,0.0065977573394775,0,True,19,15,True,91,32,0.644312858581543,32.384910583496094,-33698.61311543045,2025-11-19 22:15:33
ba_64_1_2.txt,barabasi_albert_10ins_m20,49,SpecAnn-NCV,0.8511224640549078,1.0,-14803.0,-12621.000000000002,0.0065891742706298,0,True,19,15,True,92,32,0.6430418491363525,32.27042770385742,-33513.245337521774,2025-11-19 22:15:33
ba_64_1_2.txt,barabasi_albert_10ins_m20,49,SpecAnn-NCV,0.8557356277302758,1.0,-14803.0,-12621.000000000002,0.0066144466400146,0,True,19,15,True,93,32,0.641771137714386,32.15705871582031,-33329.51753452451,2025-11-19 22:15:33
ba_64_1_2.txt,barabasi_albert_10ins_m20,49,SpecAnn-NCV,0.8603240554087516,1.0,-14803.0,-12621.000000000002,0.0065722465515136,0,True,19,15,True,94,32,0.6405007243156433,32.04478454589844,-33147.40295518149,2025-11-19 22:15:33
ba_64_1_2.txt,barabasi_albert_10ins_m20,49,SpecAnn-NCV,0.86488814078064,1.0,-14803.0,-12621.000000000002,0.0065855979919433,0,True,19,15,True,95,32,0.639230489730835,31.93359375,-32966.87673626002,2025-11-19 22:15:33
ba_64_1_2.txt,barabasi_albert_10ins_m20,49,SpecAnn-NCV,0.8694282672026621,1.0,-14803.0,-12621.000000000002,0.0065689086914062,0,True,19,15,True,96,32,0.6379603743553162,31.823457717895508,-32787.89957336755,2025-11-19 22:15:33
ba_64_1_2.txt,barabasi_albert_10ins_m20,49,SpecAnn-NCV,0.8739448080737451,1.0,-14803.0,-12621.000000000002,0.006617784500122,0,True,19,15,True,97,32,0.6366903781890869,31.71436309814453,-32610.45118349862,2025-11-19 22:15:33
ba_64_1_2.txt,barabasi_albert_10ins_m20,49,SpecAnn-NCV,0.878438127193422,1.0,-14803.0,-12621.000000000002,0.0066046714782714,0,True,19,15,True,98,32,0.6354204416275024,31.60628700256348,-32434.498565279777,2025-11-19 22:15:33
ba_64_1_2.txt,barabasi_albert_10ins_m20,49,SpecAnn-NCV,0.8829085791038153,1.0,-14803.0,-12621.000000000002,0.0065953731536865,0,True,19,15,True,99,32,0.634150505065918,31.499217987060547,-32260.02066801657,2025-11-19 22:15:33
ba_64_1_2.txt,barabasi_albert_10ins_m20,49,SpecAnn-NCV,0.8873565094161138,1.0,-14803.0,-12621.000000000002,0.0065715312957763,0,True,19,15,True,100,32,0.632880449295044,31.39313125610352,-32086.97990783785,2025-11-19 22:15:33
ba_64_1_2.txt,barabasi_albert_10ins_m20,49,SpecAnn-NCV,0.8917822551223932,1.0,-14803.0,-12621.000000000002,0.0066070556640625,0,True,19,15,True,101,32,0.6316103935241699,31.288015365600582,-31915.36465171648,2025-11-19 22:15:33
ba_64_1_2.txt,barabasi_albert_10ins_m20,49,SpecAnn-NCV,0.8961861448935777,1.0,-14803.0,-12621.000000000002,0.0065667629241943,0,True,19,15,True,102,32,0.6303400993347168,31.183853149414062,-31745.139443323023,2025-11-19 22:15:33
ba_64_1_2.txt,barabasi_albert_10ins_m20,49,SpecAnn-NCV,0.9005684993642872,1.0,-14803.0,-12995.0,0.0065836906433105,0,True,19,15,True,103,32,0.6290696859359741,31.08062744140625,-31576.287077362394,2025-11-19 22:15:33
ba_64_1_2.txt,barabasi_albert_10ins_m20,49,SpecAnn-NCV,0.9049296314052688,1.0,-14803.0,-12995.0,0.0065817832946777,0,True,19,15,True,104,32,0.6277990937232971,30.978321075439453,-31408.78146241178,2025-11-19 22:15:33
ba_64_1_2.txt,barabasi_albert_10ins_m20,49,SpecAnn-NCV,0.9092698463840684,1.0,-14803.0,-12995.0,0.0066392421722412,0,True,19,15,True,105,32,0.6265281438827515,30.876922607421875,-31242.59653121362,2025-11-19 22:15:33
ba_64_1_2.txt,barabasi_albert_10ins_m20,49,SpecAnn-NCV,0.9135894424145556,1.0,-14803.0,-12995.0,0.0066289901733398,0,True,19,15,True,106,32,0.6252569556236267,30.776416778564453,-31077.71738585012,2025-11-19 22:15:33
ba_64_1_2.txt,barabasi_albert_10ins_m20,49,SpecAnn-NCV,0.9178887105958816,1.0,-14803.0,-12995.0,0.0066134929656982,0,True,19,15,True,107,32,0.6239854097366333,30.676788330078125,-30914.117361909648,2025-11-19 22:15:33
ba_64_1_2.txt,barabasi_albert_10ins_m20,49,SpecAnn-NCV,0.922167935241408,1.0,-14803.0,-12995.0,0.0065677165985107,0,True,19,15,True,108,32,0.6227134466171265,30.578022003173828,-30751.772937814087,2025-11-19 22:15:33
ba_64_1_2.txt,barabasi_albert_10ins_m20,49,SpecAnn-NCV,0.92642739409812,1.0,-14803.0,-12995.0,0.0065557956695556,0,True,19,15,True,109,32,0.6214410662651062,30.480104446411133,-30590.665600385004,2025-11-19 22:15:33
ba_64_1_2.txt,barabasi_albert_10ins_m20,49,SpecAnn-NCV,0.9306673585570006,1.0,-14803.0,-12995.0,0.0065686702728271,0,True,19,15,True,110,32,0.620168149471283,30.38302230834961,-30430.771093306925,2025-11-19 22:15:33
ba_64_1_2.txt,barabasi_albert_10ins_m20,49,SpecAnn-NCV,0.9348880938548184,1.0,-14803.0,-12995.0,0.006622314453125,0,True,19,15,True,111,32,0.6188948750495911,30.286762237548828,-30272.079918023093,2025-11-19 22:15:33
ba_64_1_2.txt,barabasi_albert_10ins_m20,49,SpecAnn-NCV,0.9390898592677528,1.0,-14803.0,-12995.0,0.006594181060791,0,True,19,15,True,112,32,0.6176209449768066,30.191314697265625,-30114.56312616901,2025-11-19 22:15:33
ba_64_1_2.txt,barabasi_albert_10ins_m20,49,SpecAnn-NCV,0.9432729082972536,1.0,-14803.0,-12995.0,0.0066065788269042,0,True,19,15,True,113,32,0.6163464784622192,30.096660614013672,-29958.20281441564,2025-11-19 22:15:33
ba_64_1_2.txt,barabasi_albert_10ins_m20,49,SpecAnn-NCV,0.9474374888485204,1.0,-14803.0,-12995.0,0.0066204071044921,0,True,19,15,True,114,32,0.6150714159011841,30.00279426574707,-29802.98575729034,2025-11-19 22:15:33
ba_64_1_2.txt,barabasi_albert_10ins_m20,49,SpecAnn-NCV,0.9515838434019476,1.0,-14803.0,-12995.0,0.0066301822662353,0,True,19,15,True,115,32,0.6137956380844116,29.909698486328125,-29648.884584734933,2025-11-19 22:15:33
ba_64_1_2.txt,barabasi_albert_10ins_m20,49,SpecAnn-NCV,0.9557122091778746,1.0,-14803.0,-12995.0,0.0066416263580322,0,True,19,15,True,116,32,0.6125193238258362,29.81736946105957,-29495.89969359365,2025-11-19 22:15:33
ba_64_1_2.txt,barabasi_albert_10ins_m20,49,SpecAnn-NCV,0.9598228182949629,1.0,-14803.0,-12995.0,0.006591796875,0,True,19,15,True,117,32,0.6112422347068787,29.72578811645508,-29343.996308111164,2025-11-19 22:15:33
ba_64_1_2.txt,barabasi_albert_10ins_m20,49,SpecAnn-NCV,0.963915897922488,1.0,-14803.0,-12995.0,0.0065886974334716,0,True,19,15,True,118,32,0.6099643707275391,29.634944915771484,-29193.160751256542,2025-11-19 22:15:33
ba_64_1_2.txt,barabasi_albert_10ins_m20,49,SpecAnn-NCV,0.967991670426842,1.0,-14803.0,-12995.0,0.0065944194793701,0,True,19,15,True,119,32,0.6086857914924622,29.54483222961425,-29043.384138164536,2025-11-19 22:15:33
ba_64_1_2.txt,barabasi_albert_10ins_m20,49,SpecAnn-NCV,0.9720503535125016,1.0,-14803.0,-13109.000000000002,0.0066015720367431,0,True,19,15,True,120,32,0.6074063181877136,29.45543670654297,-28894.640652259983,2025-11-19 22:15:33
ba_64_1_2.txt,barabasi_albert_10ins_m20,49,SpecAnn-NCV,0.9760921603577252,1.0,-14803.0,-13109.000000000002,0.0066332817077636,0,True,19,15,True,121,32,0.606126070022583,29.366748809814453,-28746.92255337462,2025-11-19 22:15:33
ba_64_1_2.txt,barabasi_albert_10ins_m20,49,SpecAnn-NCV,0.9801172997452104,1.0,-14803.0,-13109.000000000002,0.0066032409667968,0,True,19,15,True,122,32,0.6048449277877808,29.27875518798828,-28600.207106342736,2025-11-19 22:15:33
ba_64_1_2.txt,barabasi_albert_10ins_m20,49,SpecAnn-NCV,0.9841259761879442,1.0,-14803.0,-13109.000000000002,0.0065875053405761,0,True,19,15,True,123,32,0.6035629510879517,29.191452026367188,-28454.48947449612,2025-11-19 22:15:33
ba_64_1_2.txt,barabasi_albert_10ins_m20,49,SpecAnn-NCV,0.9881183900504562,1.0,-14803.0,-13109.000000000002,0.006622314453125,0,True,19,15,True,124,32,0.6022799611091614,29.10482406616211,-28309.742475251216,2025-11-19 22:15:33
ba_64_1_2.txt,barabasi_albert_10ins_m20,49,SpecAnn-NCV,0.9920947376656812,1.0,-14803.0,-13109.000000000002,0.0066003799438476,0,True,19,15,True,125,32,0.6009960770606995,29.01886558532715,-28165.96236971637,2025-11-19 22:15:33
ba_64_1_2.txt,barabasi_albert_10ins_m20,49,SpecAnn-NCV,0.9960552114476228,1.0,-14803.0,-13109.000000000002,0.0065877437591552,0,True,19,15,True,126,32,0.5997112393379211,28.93356704711914,-28023.13334395587,2025-11-19 22:15:34
ba_64_1_2.txt,barabasi_albert_10ins_m20,49,SpecAnn-NCV,1.0,1.0,-14803.0,-13109.000000000002,0.0065960884094238,0,True,19,15,True,127,32,0.5984253287315369,28.848915100097656,-27881.233226253484,2025-11-19 22:15:34
ba_64_1_2.txt,barabasi_albert_10ins_m20,50,SpecAnn-NCV,0.0,1.0,-14469.000000000004,-12785.0,0.0127866268157958,0,True,16,29,True,0,32,0.8000580668449402,65.0,-83986.0955670476,2025-11-19 22:15:34
ba_64_1_2.txt,barabasi_albert_10ins_m20,50,SpecAnn-NCV,0.0887356509416113,1.0,-14469.000000000004,-12785.0,0.0066473484039306,0,True,16,15,True,1,32,0.7888097763061523,60.13826370239258,-76611.80529671737,2025-11-19 22:15:34
ba_64_1_2.txt,barabasi_albert_10ins_m20,50,SpecAnn-NCV,0.1254911610276317,1.0,-14469.000000000004,-12785.0,0.006620168685913,0,True,16,15,True,2,32,0.7838965058326721,58.25138092041016,-73745.83215095157,2025-11-19 22:15:34
ba_64_1_2.txt,barabasi_albert_10ins_m20,50,SpecAnn-NCV,0.1536946558735679,1.0,-14469.000000000004,-12785.0,0.0066375732421875,0,True,16,15,True,3,32,0.7800197601318359,56.851051330566406,-71617.08362670943,2025-11-19 22:15:34
ba_64_1_2.txt,barabasi_albert_10ins_m20,50,SpecAnn-NCV,0.1774713018832227,1.0,-14469.000000000004,-12785.0,0.0066285133361816,0,True,16,15,True,4,32,0.7766770124435425,55.70153045654297,-69868.28869558606,2025-11-19 22:15:34
ba_64_1_2.txt,barabasi_albert_10ins_m20,50,SpecAnn-NCV,0.1984189475331362,1.0,-14469.000000000004,-12785.0,0.0066206455230712,0,True,16,15,True,5,32,0.7736740112304688,54.71164321899414,-68361.2969994529,2025-11-19 22:15:34
ba_64_1_2.txt,barabasi_albert_10ins_m20,50,SpecAnn-NCV,0.2173570668006655,1.0,-14469.000000000004,-12785.0,0.0066421031951904,0,True,16,15,True,6,32,0.7709111571311951,53.83471298217773,-67025.37611945,2025-11-19 22:15:34
ba_64_1_2.txt,barabasi_albert_10ins_m20,50,SpecAnn-NCV,0.2347724648169381,1.0,-14803.0,-12985.000000000002,0.0066571235656738,0,True,16,15,True,7,32,0.7683293223381042,53.043060302734375,-65818.57980207965,2025-11-19 22:15:34
ba_64_1_2.txt,barabasi_albert_10ins_m20,50,SpecAnn-NCV,0.2509823220552634,1.0,-14803.0,-12985.000000000002,0.0065951347351074,0,True,16,15,True,8,32,0.7658901214599609,52.318660736083984,-64713.60786263769,2025-11-19 22:15:34
ba_64_1_2.txt,barabasi_albert_10ins_m20,50,SpecAnn-NCV,0.2662069528248341,1.0,-14803.0,-12985.000000000002,0.0065908432006835,0,True,16,15,True,9,32,0.7635669112205505,51.64904022216797,-63691.55944756404,2025-11-19 22:15:34
ba_64_1_2.txt,barabasi_albert_10ins_m20,50,SpecAnn-NCV,0.2806067666331568,1.0,-14803.0,-12985.000000000002,0.0066051483154296,0,True,16,15,True,10,32,0.761340320110321,51.02510833740234,-62738.66778914767,2025-11-19 22:15:34
ba_64_1_2.txt,barabasi_albert_10ins_m20,50,SpecAnn-NCV,0.2943028597012718,1.0,-14803.0,-12985.000000000002,0.0066003799438476,0,True,16,15,True,11,32,0.7591955661773682,50.44002151489258,-61844.55271757596,2025-11-19 22:15:34
ba_64_1_2.txt,barabasi_albert_10ins_m20,50,SpecAnn-NCV,0.3073893117471359,1.0,-14803.0,-12985.000000000002,0.0065760612487792,0,True,16,15,True,12,32,0.7571213841438293,49.88847351074219,-61001.18263940056,2025-11-19 22:15:34
ba_64_1_2.txt,barabasi_albert_10ins_m20,50,SpecAnn-NCV,0.3199409394316542,1.0,-14803.0,-12985.000000000002,0.0065960884094238,0,True,16,15,True,13,32,0.7551087737083435,49.366249084472656,-60202.1738111422,2025-11-19 22:15:34
ba_64_1_2.txt,barabasi_albert_10ins_m20,50,SpecAnn-NCV,0.3320184038158743,1.0,-14803.0,-12985.000000000002,0.006608247756958,0,True,16,15,True,14,32,0.7531504034996033,48.86992645263672,-59442.34379528084,2025-11-19 22:15:34
ba_64_1_2.txt,barabasi_albert_10ins_m20,50,SpecAnn-NCV,0.3436716983117353,1.0,-14803.0,-13065.0,0.0065956115722656,0,True,16,15,True,15,32,0.7512401938438416,48.396705627441406,-58717.44408489431,2025-11-19 22:15:34
ba_64_1_2.txt,barabasi_albert_10ins_m20,50,SpecAnn-NCV,0.3549426037664455,1.0,-14803.0,-13065.0,0.006582498550415,0,True,16,15,True,16,32,0.7493732571601868,47.94424057006836,-58023.93272467287,2025-11-19 22:15:34
ba_64_1_2.txt,barabasi_albert_10ins_m20,50,SpecAnn-NCV,0.3658664615902029,1.0,-14803.0,-13065.0,0.0065810680389404,0,True,16,15,True,17,32,0.7475452423095703,47.51054763793945,-57358.79841171609,2025-11-19 22:15:34
ba_64_1_2.txt,barabasi_albert_10ins_m20,50,SpecAnn-NCV,0.3764734830828951,1.0,-14803.0,-13065.0,0.0066113471984863,0,True,16,15,True,18,32,0.7457525134086609,47.09394836425781,-56719.49502975748,2025-11-19 22:15:34
ba_64_1_2.txt,barabasi_albert_10ins_m20,50,SpecAnn-NCV,0.3867897351437838,1.0,-14803.0,-13065.0,0.0065946578979492,0,True,16,15,True,19,32,0.7439919710159302,46.69297409057617,-56103.80448938329,2025-11-19 22:15:34
ba_64_1_2.txt,barabasi_albert_10ins_m20,50,SpecAnn-NCV,0.3968378950662725,1.0,-14803.0,-13065.0,0.0065846443176269,0,True,16,15,True,20,32,0.7422609925270081,46.30636978149414,-55509.830370850206,2025-11-19 22:15:34
ba_64_1_2.txt,barabasi_albert_10ins_m20,50,SpecAnn-NCV,0.4066378372811136,1.0,-14687.0,-13433.000000000002,0.0066487789154052,0,True,16,15,True,21,32,0.7405569553375244,45.93302154541016,-54935.8700149718,2025-11-19 22:15:34
ba_64_1_2.txt,barabasi_albert_10ins_m20,50,SpecAnn-NCV,0.4162070956347247,1.0,-14687.0,-13433.000000000002,0.0065836906433105,0,True,16,15,True,22,32,0.738878071308136,45.57196044921875,-54380.477421555785,2025-11-19 22:15:34
ba_64_1_2.txt,barabasi_albert_10ins_m20,50,SpecAnn-NCV,0.4255612320274539,1.0,-14687.0,-13433.000000000002,0.0065779685974121,0,True,16,15,True,23,32,0.7372221946716309,45.22232055664063,-53842.32093039063,2025-11-19 22:15:34
ba_64_1_2.txt,barabasi_albert_10ins_m20,50,SpecAnn-NCV,0.434714133601331,1.0,-14687.0,-13433.000000000002,0.0065827369689941,0,True,16,15,True,24,32,0.7355878949165344,44.883331298828125,-53320.25082691841,2025-11-19 22:15:34
ba_64_1_2.txt,barabasi_albert_10ins_m20,50,SpecAnn-NCV,0.4436782547080569,1.0,-14687.0,-13433.000000000002,0.0065655708312988,0,True,16,15,True,25,32,0.7339735627174377,44.55430603027344,-52813.21761128015,2025-11-19 22:15:34
ba_64_1_2.txt,barabasi_albert_10ins_m20,50,SpecAnn-NCV,0.4524648157026343,1.0,-14687.0,-13433.000000000002,0.0066068172454833,0,True,16,15,True,26,32,0.732377827167511,44.234619140625,-52320.27361664623,2025-11-19 22:15:34
ba_64_1_2.txt,barabasi_albert_10ins_m20,50,SpecAnn-NCV,0.4610839676207039,1.0,-14687.0,-13433.000000000002,0.0065724849700927,0,True,16,15,True,27,32,0.7307994961738586,43.92371368408203,-51840.57594611533,2025-11-19 22:15:34
ba_64_1_2.txt,barabasi_albert_10ins_m20,50,SpecAnn-NCV,0.4695449296338763,1.0,-14687.0,-13433.000000000002,0.0065822601318359,0,True,16,15,True,28,32,0.7292375564575195,43.6210823059082,-51373.36232533044,2025-11-19 22:15:34
ba_64_1_2.txt,barabasi_albert_10ins_m20,50,SpecAnn-NCV,0.4778561045889373,1.0,-14687.0,-13433.000000000002,0.0066108703613281,0,True,16,15,True,29,32,0.7276909351348877,43.326263427734375,-50917.92857665005,2025-11-19 22:15:34
ba_64_1_2.txt,barabasi_albert_10ins_m20,50,SpecAnn-NCV,0.4860251767562508,1.0,-14687.0,-13433.000000000002,0.0065584182739257,0,True,16,15,True,30,32,0.7261587977409363,43.0388298034668,-50473.63522361349,2025-11-19 22:15:34
ba_64_1_2.txt,barabasi_albert_10ins_m20,50,SpecAnn-NCV,0.4940591950252281,1.0,-14687.0,-13433.000000000002,0.0065793991088867,0,True,16,15,True,31,32,0.7246401309967041,42.75839614868164,-50039.88640501926,2025-11-19 22:15:34
ba_64_1_2.txt,barabasi_albert_10ins_m20,50,SpecAnn-NCV,0.5019646441105269,1.0,-14687.0,-13433.000000000002,0.0066089630126953,0,True,16,15,True,32,32,0.7231343388557434,42.48461151123047,-49616.16155259755,2025-11-19 22:15:34
ba_64_1_2.txt,barabasi_albert_10ins_m20,50,SpecAnn-NCV,0.5097475058154177,1.0,-14687.0,-13433.000000000002,0.0065693855285644,0,True,16,15,True,33,32,0.7216405272483826,42.21714782714844,-49201.95177930369,2025-11-19 22:15:34
ba_64_1_2.txt,barabasi_albert_10ins_m20,50,SpecAnn-NCV,0.51741331199832,1.0,-14687.0,-13433.000000000002,0.0066046714782714,0,True,16,15,True,34,32,0.7201581597328186,41.95569610595703,-48796.80009023027,2025-11-19 22:15:34
ba_64_1_2.txt,barabasi_albert_10ins_m20,50,SpecAnn-NCV,0.5249671905758515,1.0,-14687.0,-13433.000000000002,0.0066101551055908,0,True,16,15,True,35,32,0.7186867594718933,41.69998550415039,-48400.30233498447,2025-11-19 22:15:34
ba_64_1_2.txt,barabasi_albert_10ins_m20,50,SpecAnn-NCV,0.5324139056496683,1.0,-14687.0,-13433.000000000002,0.0066444873809814,0,True,16,15,True,36,32,0.7172255516052246,41.44974899291992,-48012.04282283233,2025-11-19 22:15:34
ba_64_1_2.txt,barabasi_albert_10ins_m20,50,SpecAnn-NCV,0.5397578926492556,1.0,-14687.0,-13433.000000000002,0.0065999031066894,0,True,16,15,True,37,32,0.7157739400863647,41.20475006103516,-47631.65737685953,2025-11-19 22:15:34
ba_64_1_2.txt,barabasi_albert_10ins_m20,50,SpecAnn-NCV,0.5470032892270364,1.0,-14687.0,-13433.000000000002,0.0065786838531494,0,True,16,15,True,38,32,0.7143316268920898,40.96476745605469,-47258.82280615559,2025-11-19 22:15:34
ba_64_1_2.txt,barabasi_albert_10ins_m20,50,SpecAnn-NCV,0.554153962516942,1.0,-14687.0,-13433.000000000002,0.0065727233886718,0,True,16,15,True,39,32,0.7128981351852417,40.72957611083984,-46893.20275292949,2025-11-19 22:15:34
ba_64_1_2.txt,barabasi_albert_10ins_m20,50,SpecAnn-NCV,0.5612135332663137,1.0,-14687.0,-13433.000000000002,0.0065951347351074,0,True,16,15,True,40,32,0.7114729285240173,40.49899673461914,-46534.51279163852,2025-11-19 22:15:34
ba_64_1_2.txt,barabasi_albert_10ins_m20,50,SpecAnn-NCV,0.5681853972686127,1.0,-14687.0,-13433.000000000002,0.006584882736206,0,True,16,15,True,41,32,0.7100557088851929,40.27284240722656,-46182.478087820135,2025-11-19 22:15:34
ba_64_1_2.txt,barabasi_albert_10ins_m20,50,SpecAnn-NCV,0.5750727444570146,1.0,-14687.0,-13433.000000000002,0.0065939426422119,0,True,16,15,True,42,32,0.7086459994316101,40.050926208496094,-45836.81473935793,2025-11-19 22:15:34
ba_64_1_2.txt,barabasi_albert_10ins_m20,50,SpecAnn-NCV,0.5818785759635375,1.0,-14687.0,-13433.000000000002,0.0065767765045166,0,True,16,15,True,43,32,0.7072435021400452,39.833106994628906,-45497.30533858077,2025-11-19 22:15:34
ba_64_1_2.txt,barabasi_albert_10ins_m20,50,SpecAnn-NCV,0.5886057194025436,1.0,-14687.0,-13433.000000000002,0.0066089630126953,0,True,16,15,True,44,32,0.7058478593826294,39.61921691894531,-45163.70021603557,2025-11-19 22:15:34
ba_64_1_2.txt,barabasi_albert_10ins_m20,50,SpecAnn-NCV,0.5952568425994088,1.0,-14687.0,-13433.000000000002,0.0065937042236328,0,True,16,15,True,45,32,0.7044587731361389,39.409122467041016,-44835.794832558255,2025-11-19 22:15:34
ba_64_1_2.txt,barabasi_albert_10ins_m20,50,SpecAnn-NCV,0.6018344659534288,1.0,-14687.0,-13433.000000000002,0.0065944194793701,0,True,16,15,True,46,32,0.7030758857727051,39.20268249511719,-44513.37406267183,2025-11-19 22:15:34
ba_64_1_2.txt,barabasi_albert_10ins_m20,50,SpecAnn-NCV,0.6083409735974393,1.0,-14687.0,-13433.000000000002,0.0066125392913818,0,True,16,15,True,47,32,0.701698899269104,38.99977111816406,-44196.24579156079,2025-11-19 22:15:34
ba_64_1_2.txt,barabasi_albert_10ins_m20,50,SpecAnn-NCV,0.6147786234942719,1.0,-14687.0,-13433.000000000002,0.0065903663635253,0,True,16,15,True,48,32,0.7003276348114014,38.80026626586914,-43884.23140700642,2025-11-19 22:15:34
ba_64_1_2.txt,barabasi_albert_10ins_m20,50,SpecAnn-NCV,0.6211495565912796,1.0,-14687.0,-13433.000000000002,0.0065908432006835,0,True,16,15,True,49,32,0.6989617943763733,38.60405731201172,-43577.15928795448,2025-11-19 22:15:34
ba_64_1_2.txt,barabasi_albert_10ins_m20,50,SpecAnn-NCV,0.6274558051381586,1.0,-14687.0,-13433.000000000002,0.006608247756958,0,True,16,15,True,50,32,0.6976011395454407,38.41102981567383,-43274.85874540266,2025-11-19 22:15:34
ba_64_1_2.txt,barabasi_albert_10ins_m20,50,SpecAnn-NCV,0.6336993002596786,1.0,-14687.0,-13433.000000000002,0.0066385269165039,0,True,16,15,True,51,32,0.6962454319000244,38.22108459472656,-42977.17771541857,2025-11-19 22:15:34
ba_64_1_2.txt,barabasi_albert_10ins_m20,50,SpecAnn-NCV,0.6398818788633085,1.0,-14803.0,-13353.0,0.0066344738006591,0,True,16,15,True,52,32,0.6948943734169006,38.03412628173828,-42683.96606687759,2025-11-19 22:15:34
ba_64_1_2.txt,barabasi_albert_10ins_m20,50,SpecAnn-NCV,0.6460052899517691,1.0,-14803.0,-13353.0,0.0065908432006835,0,True,16,15,True,53,32,0.6935480237007141,37.85005187988281,-42395.08831539349,2025-11-19 22:15:34
ba_64_1_2.txt,barabasi_albert_10ins_m20,50,SpecAnn-NCV,0.6520712004019966,1.0,-14803.0,-13353.0,0.0065829753875732,0,True,16,15,True,54,32,0.6922059655189514,37.66877746582031,-42110.40224816937,2025-11-19 22:15:34
ba_64_1_2.txt,barabasi_albert_10ins_m20,50,SpecAnn-NCV,0.6580812002646271,1.0,-14803.0,-13353.0,0.0065898895263671,0,True,16,15,True,55,32,0.6908678412437439,37.4902229309082,-41829.77485519756,2025-11-19 22:15:34
ba_64_1_2.txt,barabasi_albert_10ins_m20,50,SpecAnn-NCV,0.6640368076317485,1.0,-14803.0,-13353.0,0.006608247756958,0,True,16,15,True,56,32,0.6895338296890259,37.31430816650391,-41553.10666677718,2025-11-19 22:15:34
ba_64_1_2.txt,barabasi_albert_10ins_m20,50,SpecAnn-NCV,0.6699394731151429,1.0,-14803.0,-13353.0,0.0065972805023193,0,True,16,15,True,57,32,0.6882035136222839,37.14094924926758,-41280.2588127698,2025-11-19 22:15:34
ba_64_1_2.txt,barabasi_albert_10ins_m20,50,SpecAnn-NCV,0.6757905839724513,1.0,-14687.0,-13121.0,0.0066182613372802,0,True,16,15,True,58,32,0.6868767738342285,36.9700813293457,-41011.13265990239,2025-11-19 22:15:34
ba_64_1_2.txt,barabasi_albert_10ins_m20,50,SpecAnn-NCV,0.6815914679145113,1.0,-14687.0,-13121.0,0.0065760612487792,0,True,16,15,True,59,32,0.6855534911155701,36.80162811279297,-40745.61767981134,2025-11-19 22:15:34
ba_64_1_2.txt,barabasi_albert_10ins_m20,50,SpecAnn-NCV,0.6873433966234707,1.0,-14687.0,-13121.0,0.0066132545471191,0,True,16,15,True,60,32,0.6842334270477295,36.63552474975586,-40483.60980171604,2025-11-19 22:15:34
ba_64_1_2.txt,barabasi_albert_10ins_m20,50,SpecAnn-NCV,0.6930475890080863,1.0,-14687.0,-13121.0,0.0066175460815429,0,True,16,15,True,61,32,0.6829166412353516,36.47170639038086,-40225.0233936089,2025-11-19 22:15:34
ba_64_1_2.txt,barabasi_albert_10ins_m20,50,SpecAnn-NCV,0.6987052142198116,1.0,-14687.0,-13121.0,0.006610631942749,0,True,16,15,True,62,32,0.6816027760505676,36.31011199951172,-39969.75311718236,2025-11-19 22:15:34
ba_64_1_2.txt,barabasi_albert_10ins_m20,50,SpecAnn-NCV,0.7043173944508145,1.0,-14687.0,-13121.0,0.0065875053405761,0,True,16,15,True,63,32,0.6802917718887329,36.15068435668945,-39717.71618234414,2025-11-19 22:15:34
ba_64_1_2.txt,barabasi_albert_10ins_m20,50,SpecAnn-NCV,0.709885207532891,1.0,-14687.0,-13121.0,0.0065844058990478,0,True,16,15,True,64,32,0.6789835095405579,35.99336242675781,-39468.82275820671,2025-11-19 22:15:34
ba_64_1_2.txt,barabasi_albert_10ins_m20,50,SpecAnn-NCV,0.7154096893543218,1.0,-14687.0,-13121.0,0.0066196918487548,0,True,16,15,True,65,32,0.6776778101921082,35.838096618652344,-39222.99278334015,2025-11-19 22:15:34
ba_64_1_2.txt,barabasi_albert_10ins_m20,50,SpecAnn-NCV,0.7208918361100219,1.0,-14687.0,-13121.0,0.0066180229187011,0,True,16,15,True,66,32,0.6763745546340942,35.684837341308594,-38980.15028172708,2025-11-19 22:15:34
ba_64_1_2.txt,barabasi_albert_10ins_m20,50,SpecAnn-NCV,0.7263326063988248,1.0,-14687.0,-13121.0,0.0065946578979492,0,True,16,15,True,67,32,0.6750737428665161,35.53352355957031,-38740.21422575038,2025-11-19 22:15:34
ba_64_1_2.txt,barabasi_albert_10ins_m20,50,SpecAnn-NCV,0.7317329231804058,1.0,-14687.0,-13121.0,0.0065889358520507,0,True,16,15,True,68,32,0.6737751364707947,35.384117126464844,-38503.11542843863,2025-11-19 22:15:34
ba_64_1_2.txt,barabasi_albert_10ins_m20,50,SpecAnn-NCV,0.7370936756031579,1.0,-14687.0,-13121.0,0.0065946578979492,0,True,16,15,True,69,32,0.6724786162376404,35.236572265625,-38268.78379340437,2025-11-19 22:15:34
ba_64_1_2.txt,barabasi_albert_10ins_m20,50,SpecAnn-NCV,0.7424157207132704,1.0,-14687.0,-13121.0,0.0066277980804443,0,True,16,15,True,70,32,0.6711841821670532,35.09083557128906,-38037.14824577582,2025-11-19 22:15:34
ba_64_1_2.txt,barabasi_albert_10ins_m20,50,SpecAnn-NCV,0.7476998850543153,1.0,-14687.0,-13121.0,0.0066142082214355,0,True,16,15,True,71,32,0.6698917150497437,34.946868896484375,-37808.14797420541,2025-11-19 22:15:34
ba_64_1_2.txt,barabasi_albert_10ins_m20,50,SpecAnn-NCV,0.7529469661657903,1.0,-14687.0,-13121.0,0.006624698638916,0,True,16,15,True,72,32,0.6686010360717773,34.80463409423828,-37581.71928104352,2025-11-19 22:15:34
ba_64_1_2.txt,barabasi_albert_10ins_m20,50,SpecAnn-NCV,0.7581577339883167,1.0,-14687.0,-13121.0,0.0066447257995605,0,True,16,15,True,73,32,0.6673120260238647,34.66408920288086,-37357.798207937936,2025-11-19 22:15:34
ba_64_1_2.txt,barabasi_albert_10ins_m20,50,SpecAnn-NCV,0.7633329321824984,1.0,-14687.0,-13121.0,0.0066587924957275,0,True,16,15,True,74,32,0.6660247445106506,34.52519226074219,-37136.33125274669,2025-11-19 22:15:34
ba_64_1_2.txt,barabasi_albert_10ins_m20,50,SpecAnn-NCV,0.7684732793678399,1.0,-14687.0,-13121.0,0.0066137313842773,0,True,16,15,True,75,32,0.6647389531135559,34.38791275024414,-36917.26097099251,2025-11-19 22:15:34
ba_64_1_2.txt,barabasi_albert_10ins_m20,50,SpecAnn-NCV,0.7735794702875677,1.0,-14687.0,-13121.0,0.0066049098968505,0,True,16,15,True,76,32,0.663454532623291,34.25220489501953,-36700.52065275695,2025-11-19 22:15:34
ba_64_1_2.txt,barabasi_albert_10ins_m20,50,SpecAnn-NCV,0.7786521769046981,1.0,-14687.0,-13121.0,0.0065946578979492,0,True,16,15,True,77,32,0.6621716618537903,34.1180419921875,-36486.08091274018,2025-11-19 22:15:34
ba_64_1_2.txt,barabasi_albert_10ins_m20,50,SpecAnn-NCV,0.7836920494342511,1.0,-14687.0,-13121.0,0.0066049098968505,0,True,16,15,True,78,32,0.6608899235725403,33.98539352416992,-36273.87566796575,2025-11-19 22:15:34
ba_64_1_2.txt,barabasi_albert_10ins_m20,50,SpecAnn-NCV,0.788699717316095,1.0,-14687.0,-13121.0,0.0065784454345703,0,True,16,15,True,79,32,0.6596095561981201,33.854217529296875,-36063.86312089362,2025-11-19 22:15:34
ba_64_1_2.txt,barabasi_albert_10ins_m20,50,SpecAnn-NCV,0.7936757901325451,1.0,-14687.0,-13121.0,0.0065999031066894,0,True,16,15,True,80,32,0.6583302617073059,33.724491119384766,-35855.992699281014,2025-11-19 22:15:34
ba_64_1_2.txt,barabasi_albert_10ins_m20,50,SpecAnn-NCV,0.7986208584745024,1.0,-14687.0,-13121.0,0.0066337585449218,0,True,16,15,True,81,32,0.6570519804954529,33.5961799621582,-35650.21507866658,2025-11-19 22:15:34
ba_64_1_2.txt,barabasi_albert_10ins_m20,50,SpecAnn-NCV,0.803535494759617,1.0,-14687.0,-13121.0,0.0066206455230712,0,True,16,15,True,82,32,0.6557747721672058,33.46925354003906,-35446.49176544329,2025-11-19 22:15:34
ba_64_1_2.txt,barabasi_albert_10ins_m20,50,SpecAnn-NCV,0.8084202540056837,1.0,-14687.0,-13121.0,0.0066115856170654,0,True,16,15,True,83,32,0.6544984579086304,33.34368896484375,-35244.77970868753,2025-11-19 22:15:34
ba_64_1_2.txt,barabasi_albert_10ins_m20,50,SpecAnn-NCV,0.8132756745622272,1.0,-14687.0,-13121.0,0.0066027641296386,0,True,16,15,True,84,32,0.653222918510437,33.219451904296875,-35045.02732865067,2025-11-19 22:15:34
ba_64_1_2.txt,barabasi_albert_10ins_m20,50,SpecAnn-NCV,0.8181022788030096,1.0,-14687.0,-13121.0,0.0066084861755371,0,True,16,15,True,85,32,0.6519482135772705,33.09651565551758,-34847.201025453665,2025-11-19 22:15:34
ba_64_1_2.txt,barabasi_albert_10ins_m20,50,SpecAnn-NCV,0.822900573781978,1.0,-14687.0,-13121.0,0.0066084861755371,0,True,16,15,True,86,32,0.6506742238998413,32.97486114501953,-34651.2658767411,2025-11-19 22:15:34
ba_64_1_2.txt,barabasi_albert_10ins_m20,50,SpecAnn-NCV,0.8276710518549868,1.0,-14687.0,-13121.0,0.0065810680389404,0,True,16,15,True,87,32,0.6494008898735046,32.854461669921875,-34457.18238129098,2025-11-19 22:15:34
ba_64_1_2.txt,barabasi_albert_10ins_m20,50,SpecAnn-NCV,0.8324141912694495,1.0,-14687.0,-13121.0,0.006606101989746,0,True,16,15,True,88,32,0.6481281518936157,32.73529052734375,-34264.91131216844,2025-11-19 22:15:34
ba_64_1_2.txt,barabasi_albert_10ins_m20,50,SpecAnn-NCV,0.8371304567239225,1.0,-14687.0,-13121.0,0.0065898895263671,0,True,16,15,True,89,32,0.646855890750885,32.6173210144043,-34074.41057546828,2025-11-19 22:15:34
ba_64_1_2.txt,barabasi_albert_10ins_m20,50,SpecAnn-NCV,0.8418202998994706,1.0,-14687.0,-13121.0,0.0065996646881103,0,True,16,15,True,90,32,0.6455841660499573,32.50053787231445,-33885.65971113418,2025-11-19 22:15:34
ba_64_1_2.txt,barabasi_albert_10ins_m20,50,SpecAnn-NCV,0.846484159964536,1.0,-14687.0,-12621.000000000002,0.0066452026367187,0,True,16,15,True,91,32,0.6443127989768982,32.384910583496094,-33698.60999801034,2025-11-19 22:15:34
ba_64_1_2.txt,barabasi_albert_10ins_m20,50,SpecAnn-NCV,0.8511224640549078,1.0,-14687.0,-12621.000000000002,0.0065972805023193,0,True,16,15,True,92,32,0.6430418491363525,32.27042770385742,-33513.245337521774,2025-11-19 22:15:34
ba_64_1_2.txt,barabasi_albert_10ins_m20,50,SpecAnn-NCV,0.8557356277302758,1.0,-14687.0,-12621.000000000002,0.0066051483154296,0,True,16,15,True,93,32,0.6417711973190308,32.15705871582031,-33329.520630011255,2025-11-19 22:15:34
ba_64_1_2.txt,barabasi_albert_10ins_m20,50,SpecAnn-NCV,0.8603240554087516,1.0,-14687.0,-12621.000000000002,0.0066394805908203,0,True,16,15,True,94,32,0.6405007243156433,32.04478454589844,-33147.40295518149,2025-11-19 22:15:34
ba_64_1_2.txt,barabasi_albert_10ins_m20,50,SpecAnn-NCV,0.86488814078064,1.0,-14687.0,-12621.000000000002,0.0065820217132568,0,True,16,15,True,95,32,0.639230489730835,31.93359375,-32966.87673626002,2025-11-19 22:15:34
ba_64_1_2.txt,barabasi_albert_10ins_m20,50,SpecAnn-NCV,0.8694282672026621,1.0,-14687.0,-12621.000000000002,0.0066182613372802,0,True,16,15,True,96,32,0.6379603743553162,31.823457717895508,-32787.89957336755,2025-11-19 22:15:34
ba_64_1_2.txt,barabasi_albert_10ins_m20,50,SpecAnn-NCV,0.8739448080737451,1.0,-14687.0,-12621.000000000002,0.0065934658050537,0,True,16,15,True,97,32,0.6366903781890869,31.71436309814453,-32610.45118349862,2025-11-19 22:15:34
ba_64_1_2.txt,barabasi_albert_10ins_m20,50,SpecAnn-NCV,0.878438127193422,1.0,-14687.0,-12621.000000000002,0.0065646171569824,0,True,16,15,True,98,32,0.6354203820228577,31.60628700256348,-32434.49552281114,2025-11-19 22:15:34
ba_64_1_2.txt,barabasi_albert_10ins_m20,50,SpecAnn-NCV,0.8829085791038153,1.0,-14687.0,-12621.000000000002,0.0066199302673339,0,True,16,15,True,99,32,0.634150505065918,31.499217987060547,-32260.02066801657,2025-11-19 22:15:34
ba_64_1_2.txt,barabasi_albert_10ins_m20,50,SpecAnn-NCV,0.8873565094161138,1.0,-14687.0,-12621.000000000002,0.0065722465515136,0,True,16,15,True,100,32,0.6328803896903992,31.39313125610352,-32086.9768858879,2025-11-19 22:15:34
ba_64_1_2.txt,barabasi_albert_10ins_m20,50,SpecAnn-NCV,0.8917822551223932,1.0,-14687.0,-12621.000000000002,0.0065879821777343,0,True,16,15,True,101,32,0.6316103935241699,31.288015365600582,-31915.36465171648,2025-11-19 22:15:34
ba_64_1_2.txt,barabasi_albert_10ins_m20,50,SpecAnn-NCV,0.8961861448935777,1.0,-14687.0,-12621.000000000002,0.0065815448760986,0,True,16,15,True,102,32,0.6303401589393616,31.183853149414062,-31745.142445127545,2025-11-19 22:15:34
ba_64_1_2.txt,barabasi_albert_10ins_m20,50,SpecAnn-NCV,0.9005684993642872,1.0,-14609.000000000002,-12995.0,0.0065996646881103,0,True,16,15,True,103,32,0.6290696263313293,31.08062744140625,-31576.28408549453,2025-11-19 22:15:34
ba_64_1_2.txt,barabasi_albert_10ins_m20,50,SpecAnn-NCV,0.9049296314052688,1.0,-14609.000000000002,-12995.0,0.006570816040039,0,True,16,15,True,104,32,0.6277990937232971,30.978321075439453,-31408.78146241178,2025-11-19 22:15:34
ba_64_1_2.txt,barabasi_albert_10ins_m20,50,SpecAnn-NCV,0.9092698463840684,1.0,-14609.000000000002,-12995.0,0.0065999031066894,0,True,16,15,True,105,32,0.6265281438827515,30.876922607421875,-31242.59653121362,2025-11-19 22:15:34
ba_64_1_2.txt,barabasi_albert_10ins_m20,50,SpecAnn-NCV,0.9135894424145556,1.0,-14609.000000000002,-12995.0,0.0065793991088867,0,True,16,15,True,106,32,0.6252569556236267,30.776416778564453,-31077.71738585012,2025-11-19 22:15:34
ba_64_1_2.txt,barabasi_albert_10ins_m20,50,SpecAnn-NCV,0.9178887105958816,1.0,-14609.000000000002,-12995.0,0.0065820217132568,0,True,16,15,True,107,32,0.6239854097366333,30.676788330078125,-30914.117361909648,2025-11-19 22:15:34
ba_64_1_2.txt,barabasi_albert_10ins_m20,50,SpecAnn-NCV,0.922167935241408,1.0,-14609.000000000002,-12995.0,0.0065791606903076,0,True,16,15,True,108,32,0.6227133870124817,30.578022003173828,-30751.76999432778,2025-11-19 22:15:34
ba_64_1_2.txt,barabasi_albert_10ins_m20,50,SpecAnn-NCV,0.92642739409812,1.0,-14609.000000000002,-12995.0,0.0065987110137939,0,True,16,15,True,109,32,0.6214410662651062,30.480104446411133,-30590.665600385004,2025-11-19 22:15:34
ba_64_1_2.txt,barabasi_albert_10ins_m20,50,SpecAnn-NCV,0.9306673585570006,1.0,-14609.000000000002,-12995.0,0.0066478252410888,0,True,16,15,True,110,32,0.6201682090759277,30.38302230834961,-30430.774018022268,2025-11-19 22:15:34
ba_64_1_2.txt,barabasi_albert_10ins_m20,50,SpecAnn-NCV,0.9348880938548184,1.0,-14609.000000000002,-12995.0,0.0066382884979248,0,True,16,15,True,111,32,0.6188948154449463,30.286762237548828,-30272.077002573893,2025-11-19 22:15:34
ba_64_1_2.txt,barabasi_albert_10ins_m20,50,SpecAnn-NCV,0.9390898592677528,1.0,-14609.000000000002,-12995.0,0.0065898895263671,0,True,16,15,True,112,32,0.6176209449768066,30.191314697265625,-30114.56312616901,2025-11-19 22:15:34
ba_64_1_2.txt,barabasi_albert_10ins_m20,50,SpecAnn-NCV,0.9432729082972536,1.0,-14609.000000000002,-12995.0,0.0065803527832031,0,True,16,15,True,113,32,0.6163464784622192,30.096660614013672,-29958.20281441564,2025-11-19 22:15:34
ba_64_1_2.txt,barabasi_albert_10ins_m20,50,SpecAnn-NCV,0.9474374888485204,1.0,-14609.000000000002,-12995.0,0.0066070556640625,0,True,16,15,True,114,32,0.6150714159011841,30.00279426574707,-29802.98575729034,2025-11-19 22:15:34
ba_64_1_2.txt,barabasi_albert_10ins_m20,50,SpecAnn-NCV,0.9515838434019476,1.0,-14609.000000000002,-12995.0,0.0065808296203613,0,True,16,15,True,115,32,0.6137956976890564,29.909698486328125,-29648.88746388741,2025-11-19 22:15:34
ba_64_1_2.txt,barabasi_albert_10ins_m20,50,SpecAnn-NCV,0.9557122091778746,1.0,-14609.000000000002,-12995.0,0.0066235065460205,0,True,16,15,True,116,32,0.6125193238258362,29.81736946105957,-29495.89969359365,2025-11-19 22:15:34
ba_64_1_2.txt,barabasi_albert_10ins_m20,50,SpecAnn-NCV,0.9598228182949629,1.0,-14609.000000000002,-12995.0,0.0066206455230712,0,True,16,15,True,117,32,0.6112421751022339,29.72578811645508,-29343.99344666217,2025-11-19 22:15:34
ba_64_1_2.txt,barabasi_albert_10ins_m20,50,SpecAnn-NCV,0.963915897922488,1.0,-14609.000000000002,-12995.0,0.0066022872924804,0,True,16,15,True,118,32,0.6099643111228943,29.634944915771484,-29193.157898552257,2025-11-19 22:15:34
ba_64_1_2.txt,barabasi_albert_10ins_m20,50,SpecAnn-NCV,0.967991670426842,1.0,-14609.000000000002,-12995.0,0.0065498352050781,0,True,16,15,True,119,32,0.6086857318878174,29.544832229614254,-29043.38129413463,2025-11-19 22:15:34
ba_64_1_2.txt,barabasi_albert_10ins_m20,50,SpecAnn-NCV,0.9720503535125016,1.0,-14609.000000000002,-13109.000000000002,0.006617784500122,0,True,16,15,True,120,32,0.6074062585830688,29.45543670654297,-28894.637816835424,2025-11-19 22:15:34
ba_64_1_2.txt,barabasi_albert_10ins_m20,50,SpecAnn-NCV,0.9760921603577252,1.0,-14609.000000000002,-13109.000000000002,0.0065653324127197,0,True,16,15,True,121,32,0.606126070022583,29.366748809814453,-28746.92255337462,2025-11-19 22:15:34
ba_64_1_2.txt,barabasi_albert_10ins_m20,50,SpecAnn-NCV,0.9801172997452104,1.0,-14609.000000000002,-13109.000000000002,0.0066344738006591,0,True,16,15,True,122,32,0.6048449277877808,29.27875518798828,-28600.207106342736,2025-11-19 22:15:34
ba_64_1_2.txt,barabasi_albert_10ins_m20,50,SpecAnn-NCV,0.9841259761879442,1.0,-14609.000000000002,-13109.000000000002,0.00669527053833,0,True,16,15,True,123,32,0.6035628914833069,29.191452026367188,-28454.486664483124,2025-11-19 22:15:34
ba_64_1_2.txt,barabasi_albert_10ins_m20,50,SpecAnn-NCV,0.9881183900504562,1.0,-14609.000000000002,-13109.000000000002,0.0066783428192138,0,True,16,15,True,124,32,0.6022799611091614,29.10482406616211,-28309.742475251216,2025-11-19 22:15:34
ba_64_1_2.txt,barabasi_albert_10ins_m20,50,SpecAnn-NCV,0.9920947376656812,1.0,-14609.000000000002,-13109.000000000002,0.006662368774414,0,True,16,15,True,125,32,0.6009960770606995,29.01886558532715,-28165.96236971637,2025-11-19 22:15:34
ba_64_1_2.txt,barabasi_albert_10ins_m20,50,SpecAnn-NCV,0.9960552114476228,1.0,-14609.000000000002,-13109.000000000002,0.0066072940826416,0,True,16,15,True,126,32,0.5997112393379211,28.93356704711914,-28023.13334395587,2025-11-19 22:15:34
ba_64_1_2.txt,barabasi_albert_10ins_m20,50,SpecAnn-NCV,1.0,1.0,-14609.000000000002,-13109.000000000002,0.006704568862915,0,True,16,15,True,127,32,0.5984253287315369,28.848915100097656,-27881.233226253484,2025-11-19 22:15:34
ba_64_1_2.txt,barabasi_albert_10ins_m20,51,SpecAnn-NCV,0.0,1.0,-14379.000000000002,-12785.0,0.01294708251953125,0,True,14,29,True,0,32,0.8000580072402954,65.0,-83986.08931005001,2025-11-19 22:15:35
ba_64_1_2.txt,barabasi_albert_10ins_m20,51,SpecAnn-NCV,0.08873565094161137,1.0,-14379.000000000002,-12785.0,0.006654500961303711,0,True,14,15,True,1,32,0.7888097167015076,60.13826370239258,-76611.79950771782,2025-11-19 22:15:35
ba_64_1_2.txt,barabasi_albert_10ins_m20,51,SpecAnn-NCV,0.12549116102763172,1.0,-14379.000000000002,-12785.0,0.006612300872802734,0,True,14,15,True,2,32,0.7838965654373169,58.251380920410156,-73745.83775831695,2025-11-19 22:15:35
ba_64_1_2.txt,barabasi_albert_10ins_m20,51,SpecAnn-NCV,0.15369465587356798,1.0,-14379.000000000002,-12785.0,0.006624460220336914,0,True,14,15,True,3,32,0.7800198197364807,56.851051330566406,-71617.08909927699,2025-11-19 22:15:35
ba_64_1_2.txt,barabasi_albert_10ins_m20,51,SpecAnn-NCV,0.17747130188322274,1.0,-14379.000000000002,-12785.0,0.006608724594116211,0,True,14,15,True,4,32,0.7766770720481873,55.70153045654297,-69868.294057499,2025-11-19 22:15:35
ba_64_1_2.txt,barabasi_albert_10ins_m20,51,SpecAnn-NCV,0.19841894753313627,1.0,-14379.000000000002,-12785.0,0.006588935852050781,0,True,14,15,True,5,32,0.7736740112304688,54.71164321899414,-68361.2969994529,2025-11-19 22:15:35
ba_64_1_2.txt,barabasi_albert_10ins_m20,51,SpecAnn-NCV,0.21735706680066552,1.0,-14379.000000000002,-12785.0,0.006575107574462891,0,True,14,15,True,6,32,0.7709110975265503,53.834712982177734,-67025.3709372397,2025-11-19 22:15:35
ba_64_1_2.txt,barabasi_albert_10ins_m20,51,SpecAnn-NCV,0.23477246481693817,1.0,-14609.000000000002,-12985.000000000002,0.006594181060791016,0,True,14,15,True,7,32,0.7683293223381042,53.043060302734375,-65818.57980207965,2025-11-19 22:15:35
ba_64_1_2.txt,barabasi_albert_10ins_m20,51,SpecAnn-NCV,0.25098232205526344,1.0,-14609.000000000002,-12985.000000000002,0.00659942626953125,0,True,14,15,True,8,32,0.7658901810646057,52.318660736083984,-64713.61289891052,2025-11-19 22:15:35
ba_64_1_2.txt,barabasi_albert_10ins_m20,51,SpecAnn-NCV,0.26620695282483414,1.0,-14609.000000000002,-12985.000000000002,0.006619453430175781,0,True,14,15,True,9,32,0.7635669112205505,51.64904022216797,-63691.55944756404,2025-11-19 22:15:35
ba_64_1_2.txt,barabasi_albert_10ins_m20,51,SpecAnn-NCV,0.28060676663315687,1.0,-14609.000000000002,-12985.000000000002,0.006604433059692383,0,True,14,15,True,10,32,0.7613402605056763,51.025108337402344,-62738.662877394134,2025-11-19 22:15:35
ba_64_1_2.txt,barabasi_albert_10ins_m20,51,SpecAnn-NCV,0.2943028597012718,1.0,-14609.000000000002,-12985.000000000002,0.00661015510559082,0,True,14,15,True,11,32,0.7591955065727234,50.44002151489258,-61844.54786214377,2025-11-19 22:15:35
ba_64_1_2.txt,barabasi_albert_10ins_m20,51,SpecAnn-NCV,0.30738931174713596,1.0,-14609.000000000002,-12985.000000000002,0.00657200813293457,0,True,14,15,True,12,32,0.7571213841438293,49.88847351074219,-61001.18263940056,2025-11-19 22:15:35
ba_64_1_2.txt,barabasi_albert_10ins_m20,51,SpecAnn-NCV,0.31994093943165425,1.0,-14609.000000000002,-12985.000000000002,0.006546497344970703,0,True,14,15,True,13,32,0.7551087737083435,49.366249084472656,-60202.1738111422,2025-11-19 22:15:35
ba_64_1_2.txt,barabasi_albert_10ins_m20,51,SpecAnn-NCV,0.3320184038158743,1.0,-14609.000000000002,-12985.000000000002,0.006583452224731445,0,True,14,15,True,14,32,0.7531503438949585,48.86992645263672,-59442.339090988346,2025-11-19 22:15:35
ba_64_1_2.txt,barabasi_albert_10ins_m20,51,SpecAnn-NCV,0.34367169831173533,1.0,-14803.0,-13065.0,0.0065996646881103516,0,True,14,15,True,15,32,0.7512401938438416,48.396705627441406,-58717.444084894305,2025-11-19 22:15:35
ba_64_1_2.txt,barabasi_albert_10ins_m20,51,SpecAnn-NCV,0.3549426037664455,1.0,-14803.0,-13065.0,0.006580352783203125,0,True,14,15,True,16,32,0.749373197555542,47.94424057006836,-58023.92810948829,2025-11-19 22:15:35
ba_64_1_2.txt,barabasi_albert_10ins_m20,51,SpecAnn-NCV,0.3658664615902029,1.0,-14803.0,-13065.0,0.006592750549316406,0,True,14,15,True,17,32,0.7475451827049255,47.51054763793945,-57358.793838279445,2025-11-19 22:15:35
ba_64_1_2.txt,barabasi_albert_10ins_m20,51,SpecAnn-NCV,0.37647348308289513,1.0,-14803.0,-13065.0,0.0065801143646240234,0,True,14,15,True,18,32,0.7457524538040161,47.09394836425781,-56719.49049642331,2025-11-19 22:15:35
ba_64_1_2.txt,barabasi_albert_10ins_m20,51,SpecAnn-NCV,0.38678973514378384,1.0,-14803.0,-13065.0,0.006550788879394531,0,True,14,15,True,19,32,0.743992030620575,46.69297409057617,-56103.80898411908,2025-11-19 22:15:35
ba_64_1_2.txt,barabasi_albert_10ins_m20,51,SpecAnn-NCV,0.39683789506627254,1.0,-14803.0,-13065.0,0.00655817985534668,0,True,14,15,True,20,32,0.7422609329223633,46.30636978149414,-55509.825913329536,2025-11-19 22:15:35
ba_64_1_2.txt,barabasi_albert_10ins_m20,51,SpecAnn-NCV,0.4066378372811136,1.0,-14803.0,-13433.000000000002,0.006543397903442383,0,True,14,15,True,21,32,0.7405570149421692,45.933021545410156,-54935.87443655341,2025-11-19 22:15:35
ba_64_1_2.txt,barabasi_albert_10ins_m20,51,SpecAnn-NCV,0.41620709563472474,1.0,-14803.0,-13433.000000000002,0.006559848785400391,0,True,14,15,True,22,32,0.738878071308136,45.57196044921875,-54380.477421555785,2025-11-19 22:15:35
ba_64_1_2.txt,barabasi_albert_10ins_m20,51,SpecAnn-NCV,0.4255612320274539,1.0,-14803.0,-13433.000000000002,0.0065653324127197266,0,True,14,15,True,23,32,0.7372222542762756,45.222320556640625,-53842.325283559105,2025-11-19 22:15:35
ba_64_1_2.txt,barabasi_albert_10ins_m20,51,SpecAnn-NCV,0.43471413360133104,1.0,-14803.0,-13433.000000000002,0.006569862365722656,0,True,14,15,True,24,32,0.7355878353118896,44.883331298828125,-53320.246506381554,2025-11-19 22:15:35
ba_64_1_2.txt,barabasi_albert_10ins_m20,51,SpecAnn-NCV,0.4436782547080569,1.0,-14803.0,-13433.000000000002,0.006572246551513672,0,True,14,15,True,25,32,0.7339735627174377,44.55430603027344,-52813.217611280146,2025-11-19 22:15:35
ba_64_1_2.txt,barabasi_albert_10ins_m20,51,SpecAnn-NCV,0.45246481570263436,1.0,-14803.0,-13433.000000000002,0.0066182613372802734,0,True,14,15,True,26,32,0.732377827167511,44.234619140625,-52320.27361664623,2025-11-19 22:15:35
ba_64_1_2.txt,barabasi_albert_10ins_m20,51,SpecAnn-NCV,0.46108396762070397,1.0,-14803.0,-13433.000000000002,0.00653529167175293,0,True,14,15,True,27,32,0.7307994961738586,43.92371368408203,-51840.57594611533,2025-11-19 22:15:35
ba_64_1_2.txt,barabasi_albert_10ins_m20,51,SpecAnn-NCV,0.46954492963387634,1.0,-14803.0,-13433.000000000002,0.006564617156982422,0,True,14,15,True,28,32,0.7292374968528748,43.6210823059082,-51373.358126299565,2025-11-19 22:15:35
ba_64_1_2.txt,barabasi_albert_10ins_m20,51,SpecAnn-NCV,0.4778561045889373,1.0,-14803.0,-13433.000000000002,0.006565093994140625,0,True,14,15,True,29,32,0.7276909947395325,43.326263427734375,-50917.93274730121,2025-11-19 22:15:35
ba_64_1_2.txt,barabasi_albert_10ins_m20,51,SpecAnn-NCV,0.48602517675625084,1.0,-14803.0,-13433.000000000002,0.006592273712158203,0,True,14,15,True,30,32,0.7261586785316467,43.0388298034668,-50473.626937648754,2025-11-19 22:15:35
ba_64_1_2.txt,barabasi_albert_10ins_m20,51,SpecAnn-NCV,0.4940591950252281,1.0,-14803.0,-13433.000000000002,0.006601572036743164,0,True,14,15,True,31,32,0.7246401309967041,42.75839614868164,-50039.88640501926,2025-11-19 22:15:35
ba_64_1_2.txt,barabasi_albert_10ins_m20,51,SpecAnn-NCV,0.5019646441105269,1.0,-14803.0,-13433.000000000002,0.006590843200683594,0,True,14,15,True,32,32,0.7231342792510986,42.48461151123047,-49616.157462965064,2025-11-19 22:15:35
ba_64_1_2.txt,barabasi_albert_10ins_m20,51,SpecAnn-NCV,0.5097475058154177,1.0,-14803.0,-13433.000000000002,0.00670623779296875,0,True,14,15,True,33,32,0.7216405272483826,42.21714782714844,-49201.95177930369,2025-11-19 22:15:35
ba_64_1_2.txt,barabasi_albert_10ins_m20,51,SpecAnn-NCV,0.51741331199832,1.0,-14803.0,-13433.000000000002,0.006567716598510742,0,True,14,15,True,34,32,0.7201582193374634,41.95569610595703,-48796.80412894856,2025-11-19 22:15:35
ba_64_1_2.txt,barabasi_albert_10ins_m20,51,SpecAnn-NCV,0.5249671905758515,1.0,-14803.0,-13433.000000000002,0.0065765380859375,0,True,14,15,True,35,32,0.7186866998672485,41.69998550415039,-48400.298320881266,2025-11-19 22:15:35
ba_64_1_2.txt,barabasi_albert_10ins_m20,51,SpecAnn-NCV,0.5324139056496683,1.0,-14803.0,-13433.000000000002,0.006559610366821289,0,True,14,15,True,36,32,0.7172254920005798,41.44974899291992,-48012.03883281726,2025-11-19 22:15:35
ba_64_1_2.txt,barabasi_albert_10ins_m20,51,SpecAnn-NCV,0.5397578926492556,1.0,-14803.0,-13433.000000000002,0.00656580924987793,0,True,14,15,True,37,32,0.7157739400863647,41.204750061035156,-47631.65737685953,2025-11-19 22:15:35
ba_64_1_2.txt,barabasi_albert_10ins_m20,51,SpecAnn-NCV,0.5470032892270364,1.0,-14803.0,-13433.000000000002,0.00659942626953125,0,True,14,15,True,38,32,0.7143316268920898,40.96476745605469,-47258.822806155586,2025-11-19 22:15:35
ba_64_1_2.txt,barabasi_albert_10ins_m20,51,SpecAnn-NCV,0.554153962516942,1.0,-14803.0,-13433.000000000002,0.006581544876098633,0,True,14,15,True,39,32,0.7128981947898865,40.729576110839844,-46893.20667361964,2025-11-19 22:15:35
ba_64_1_2.txt,barabasi_albert_10ins_m20,51,SpecAnn-NCV,0.5612135332663137,1.0,-14803.0,-13433.000000000002,0.006595134735107422,0,True,14,15,True,40,32,0.7114729285240173,40.49899673461914,-46534.51279163852,2025-11-19 22:15:35
ba_64_1_2.txt,barabasi_albert_10ins_m20,51,SpecAnn-NCV,0.5681853972686127,1.0,-14803.0,-13433.000000000002,0.006608009338378906,0,True,14,15,True,41,32,0.7100557088851929,40.27284240722656,-46182.478087820135,2025-11-19 22:15:35
ba_64_1_2.txt,barabasi_albert_10ins_m20,51,SpecAnn-NCV,0.5750727444570146,1.0,-14803.0,-13433.000000000002,0.006577491760253906,0,True,14,15,True,42,32,0.7086459994316101,40.050926208496094,-45836.81473935793,2025-11-19 22:15:35
ba_64_1_2.txt,barabasi_albert_10ins_m20,51,SpecAnn-NCV,0.5818785759635375,1.0,-14803.0,-13433.000000000002,0.006618976593017578,0,True,14,15,True,43,32,0.7072434425354004,39.833106994628906,-45497.30150418609,2025-11-19 22:15:35
ba_64_1_2.txt,barabasi_albert_10ins_m20,51,SpecAnn-NCV,0.5886057194025436,1.0,-14803.0,-13433.000000000002,0.006627798080444336,0,True,14,15,True,44,32,0.7058478593826294,39.61921691894531,-45163.70021603557,2025-11-19 22:15:35
ba_64_1_2.txt,barabasi_albert_10ins_m20,51,SpecAnn-NCV,0.5952568425994088,1.0,-14803.0,-13433.000000000002,0.0066220760345458984,0,True,14,15,True,45,32,0.7044587731361389,39.409122467041016,-44835.794832558255,2025-11-19 22:15:35
ba_64_1_2.txt,barabasi_albert_10ins_m20,51,SpecAnn-NCV,0.6018344659534288,1.0,-14803.0,-13433.000000000002,0.006622791290283203,0,True,14,15,True,46,32,0.7030758857727051,39.20268249511719,-44513.37406267183,2025-11-19 22:15:35
ba_64_1_2.txt,barabasi_albert_10ins_m20,51,SpecAnn-NCV,0.6083409735974393,1.0,-14803.0,-13433.000000000002,0.00661015510559082,0,True,14,15,True,47,32,0.701698899269104,38.99977111816406,-44196.24579156079,2025-11-19 22:15:35
ba_64_1_2.txt,barabasi_albert_10ins_m20,51,SpecAnn-NCV,0.6147786234942719,1.0,-14803.0,-13433.000000000002,0.0065877437591552734,0,True,14,15,True,48,32,0.7003276348114014,38.80026626586914,-43884.23140700642,2025-11-19 22:15:35
ba_64_1_2.txt,barabasi_albert_10ins_m20,51,SpecAnn-NCV,0.6211495565912796,1.0,-14803.0,-13433.000000000002,0.006608486175537109,0,True,14,15,True,49,32,0.6989617943763733,38.60405731201172,-43577.159287954484,2025-11-19 22:15:35
ba_64_1_2.txt,barabasi_albert_10ins_m20,51,SpecAnn-NCV,0.6274558051381586,1.0,-14803.0,-13433.000000000002,0.006596565246582031,0,True,14,15,True,50,32,0.6976011395454407,38.41102981567383,-43274.85874540266,2025-11-19 22:15:35
ba_64_1_2.txt,barabasi_albert_10ins_m20,51,SpecAnn-NCV,0.6336993002596786,1.0,-14803.0,-13433.000000000002,0.006592512130737305,0,True,14,15,True,51,32,0.6962454319000244,38.22108459472656,-42977.17771541857,2025-11-19 22:15:35
ba_64_1_2.txt,barabasi_albert_10ins_m20,51,SpecAnn-NCV,0.6398818788633085,1.0,-14803.0,-13353.0,0.006618976593017578,0,True,14,15,True,52,32,0.6948944926261902,38.03412628173828,-42683.973389321785,2025-11-19 22:15:35
ba_64_1_2.txt,barabasi_albert_10ins_m20,51,SpecAnn-NCV,0.6460052899517691,1.0,-14803.0,-13353.0,0.006579160690307617,0,True,14,15,True,53,32,0.6935480237007141,37.85005187988281,-42395.08831539349,2025-11-19 22:15:35
ba_64_1_2.txt,barabasi_albert_10ins_m20,51,SpecAnn-NCV,0.6520712004019966,1.0,-14803.0,-13353.0,0.006619930267333984,0,True,14,15,True,54,32,0.6922058463096619,37.66877746582031,-42110.39499606323,2025-11-19 22:15:35
ba_64_1_2.txt,barabasi_albert_10ins_m20,51,SpecAnn-NCV,0.6580812002646271,1.0,-14803.0,-13353.0,0.006623744964599609,0,True,14,15,True,55,32,0.6908679008483887,37.4902229309082,-41829.7784640627,2025-11-19 22:15:35
ba_64_1_2.txt,barabasi_albert_10ins_m20,51,SpecAnn-NCV,0.6640368076317485,1.0,-14803.0,-13353.0,0.00663447380065918,0,True,14,15,True,56,32,0.6895337700843811,37.314308166503906,-41553.10307484586,2025-11-19 22:15:35
ba_64_1_2.txt,barabasi_albert_10ins_m20,51,SpecAnn-NCV,0.6699394731151429,1.0,-14803.0,-13353.0,0.006617546081542969,0,True,14,15,True,57,32,0.6882035136222839,37.14094924926758,-41280.258812769796,2025-11-19 22:15:35
ba_64_1_2.txt,barabasi_albert_10ins_m20,51,SpecAnn-NCV,0.6757905839724513,1.0,-14803.0,-13121.0,0.006619930267333984,0,True,14,15,True,58,32,0.6868767738342285,36.9700813293457,-41011.13265990239,2025-11-19 22:15:35
ba_64_1_2.txt,barabasi_albert_10ins_m20,51,SpecAnn-NCV,0.6815914679145113,1.0,-14803.0,-13121.0,0.006587028503417969,0,True,14,15,True,59,32,0.6855534911155701,36.80162811279297,-40745.61767981134,2025-11-19 22:15:35
ba_64_1_2.txt,barabasi_albert_10ins_m20,51,SpecAnn-NCV,0.6873433966234707,1.0,-14803.0,-13121.0,0.00658726692199707,0,True,14,15,True,60,32,0.6842334270477295,36.63552474975586,-40483.60980171604,2025-11-19 22:15:35
ba_64_1_2.txt,barabasi_albert_10ins_m20,51,SpecAnn-NCV,0.6930475890080863,1.0,-14803.0,-13121.0,0.006618976593017578,0,True,14,15,True,61,32,0.6829166412353516,36.47170639038086,-40225.0233936089,2025-11-19 22:15:35
ba_64_1_2.txt,barabasi_albert_10ins_m20,51,SpecAnn-NCV,0.6987052142198116,1.0,-14803.0,-13121.0,0.006614208221435547,0,True,14,15,True,62,32,0.6816027760505676,36.31011199951172,-39969.75311718236,2025-11-19 22:15:35
ba_64_1_2.txt,barabasi_albert_10ins_m20,51,SpecAnn-NCV,0.7043173944508145,1.0,-14803.0,-13121.0,0.006612062454223633,0,True,14,15,True,63,32,0.6802917718887329,36.15068435668945,-39717.71618234414,2025-11-19 22:15:35
ba_64_1_2.txt,barabasi_albert_10ins_m20,51,SpecAnn-NCV,0.709885207532891,1.0,-14803.0,-13121.0,0.006628751754760742,0,True,14,15,True,64,32,0.6789835095405579,35.99336242675781,-39468.82275820671,2025-11-19 22:15:35
ba_64_1_2.txt,barabasi_albert_10ins_m20,51,SpecAnn-NCV,0.7154096893543218,1.0,-14803.0,-13121.0,0.0066375732421875,0,True,14,15,True,65,32,0.6776777505874634,35.838096618652344,-39222.98933351116,2025-11-19 22:15:35
ba_64_1_2.txt,barabasi_albert_10ins_m20,51,SpecAnn-NCV,0.7208918361100219,1.0,-14803.0,-13121.0,0.00661778450012207,0,True,14,15,True,66,32,0.6763745546340942,35.684837341308594,-38980.15028172708,2025-11-19 22:15:35
ba_64_1_2.txt,barabasi_albert_10ins_m20,51,SpecAnn-NCV,0.7263326063988248,1.0,-14803.0,-13121.0,0.006601810455322266,0,True,14,15,True,67,32,0.6750736832618713,35.53352355957031,-38740.21080524005,2025-11-19 22:15:35
ba_64_1_2.txt,barabasi_albert_10ins_m20,51,SpecAnn-NCV,0.7317329231804058,1.0,-14803.0,-13121.0,0.0066106319427490234,0,True,14,15,True,68,32,0.6737751364707947,35.384117126464844,-38503.11542843863,2025-11-19 22:15:35
ba_64_1_2.txt,barabasi_albert_10ins_m20,51,SpecAnn-NCV,0.7370936756031579,1.0,-14803.0,-13121.0,0.006582975387573242,0,True,14,15,True,69,32,0.6724786162376404,35.236572265625,-38268.783793404364,2025-11-19 22:15:35
ba_64_1_2.txt,barabasi_albert_10ins_m20,51,SpecAnn-NCV,0.7424157207132704,1.0,-14803.0,-13121.0,0.0066072940826416016,0,True,14,15,True,70,32,0.6711841821670532,35.09083557128906,-38037.14824577582,2025-11-19 22:15:35
ba_64_1_2.txt,barabasi_albert_10ins_m20,51,SpecAnn-NCV,0.7476998850543153,1.0,-14803.0,-13121.0,0.006615161895751953,0,True,14,15,True,71,32,0.6698917746543884,34.946868896484375,-37808.15133824347,2025-11-19 22:15:35
ba_64_1_2.txt,barabasi_albert_10ins_m20,51,SpecAnn-NCV,0.7529469661657903,1.0,-14803.0,-13121.0,0.006651878356933594,0,True,14,15,True,72,32,0.6686009764671326,34.80463409423828,-37581.71593069719,2025-11-19 22:15:35
ba_64_1_2.txt,barabasi_albert_10ins_m20,51,SpecAnn-NCV,0.7581577339883167,1.0,-14803.0,-13121.0,0.006649971008300781,0,True,14,15,True,73,32,0.6673120260238647,34.66408920288086,-37357.798207937936,2025-11-19 22:15:35
ba_64_1_2.txt,barabasi_albert_10ins_m20,51,SpecAnn-NCV,0.7633329321824984,1.0,-14803.0,-13121.0,0.0066564083099365234,0,True,14,15,True,74,32,0.6660247445106506,34.52519226074219,-37136.331252746684,2025-11-19 22:15:35
ba_64_1_2.txt,barabasi_albert_10ins_m20,51,SpecAnn-NCV,0.7684732793678399,1.0,-14803.0,-13121.0,0.006619453430175781,0,True,14,15,True,75,32,0.6647389531135559,34.38791275024414,-36917.26097099251,2025-11-19 22:15:35
ba_64_1_2.txt,barabasi_albert_10ins_m20,51,SpecAnn-NCV,0.7735794702875677,1.0,-14803.0,-13121.0,0.006620883941650391,0,True,14,15,True,76,32,0.6634545922279358,34.25220489501953,-36700.52394992561,2025-11-19 22:15:35
ba_64_1_2.txt,barabasi_albert_10ins_m20,51,SpecAnn-NCV,0.7786521769046981,1.0,-14803.0,-13121.0,0.006631612777709961,0,True,14,15,True,77,32,0.6621716618537903,34.1180419921875,-36486.08091274018,2025-11-19 22:15:35
ba_64_1_2.txt,barabasi_albert_10ins_m20,51,SpecAnn-NCV,0.7836920494342511,1.0,-14803.0,-13121.0,0.006621122360229492,0,True,14,15,True,78,32,0.6608899235725403,33.98539352416992,-36273.87566796575,2025-11-19 22:15:35
ba_64_1_2.txt,barabasi_albert_10ins_m20,51,SpecAnn-NCV,0.788699717316095,1.0,-14803.0,-13121.0,0.006643533706665039,0,True,14,15,True,79,32,0.6596094965934753,33.854217529296875,-36063.85986203582,2025-11-19 22:15:35
ba_64_1_2.txt,barabasi_albert_10ins_m20,51,SpecAnn-NCV,0.7936757901325451,1.0,-14803.0,-13121.0,0.0065996646881103516,0,True,14,15,True,80,32,0.6583302617073059,33.724491119384766,-35855.992699281014,2025-11-19 22:15:35
ba_64_1_2.txt,barabasi_albert_10ins_m20,51,SpecAnn-NCV,0.7986208584745024,1.0,-14803.0,-13121.0,0.0066013336181640625,0,True,14,15,True,81,32,0.6570519804954529,33.5961799621582,-35650.21507866658,2025-11-19 22:15:35
ba_64_1_2.txt,barabasi_albert_10ins_m20,51,SpecAnn-NCV,0.803535494759617,1.0,-14803.0,-13121.0,0.006605863571166992,0,True,14,15,True,82,32,0.655774712562561,33.46925354003906,-35446.48854364269,2025-11-19 22:15:35
ba_64_1_2.txt,barabasi_albert_10ins_m20,51,SpecAnn-NCV,0.8084202540056837,1.0,-14803.0,-13121.0,0.006592273712158203,0,True,14,15,True,83,32,0.6544984579086304,33.34368896484375,-35244.77970868753,2025-11-19 22:15:35
ba_64_1_2.txt,barabasi_albert_10ins_m20,51,SpecAnn-NCV,0.8132756745622272,1.0,-14803.0,-13121.0,0.0065996646881103516,0,True,14,15,True,84,32,0.6532228589057922,33.219451904296875,-35045.02413089635,2025-11-19 22:15:35
ba_64_1_2.txt,barabasi_albert_10ins_m20,51,SpecAnn-NCV,0.8181022788030096,1.0,-14803.0,-13121.0,0.0066492557525634766,0,True,14,15,True,85,32,0.6519482135772705,33.09651565551758,-34847.201025453665,2025-11-19 22:15:35
ba_64_1_2.txt,barabasi_albert_10ins_m20,51,SpecAnn-NCV,0.822900573781978,1.0,-14803.0,-13121.0,0.006638765335083008,0,True,14,15,True,86,32,0.6506742238998413,32.97486114501953,-34651.2658767411,2025-11-19 22:15:35
ba_64_1_2.txt,barabasi_albert_10ins_m20,51,SpecAnn-NCV,0.8276710518549868,1.0,-14803.0,-13121.0,0.006650447845458984,0,True,14,15,True,87,32,0.6494008898735046,32.854461669921875,-34457.18238129098,2025-11-19 22:15:35
ba_64_1_2.txt,barabasi_albert_10ins_m20,51,SpecAnn-NCV,0.8324141912694495,1.0,-14803.0,-13121.0,0.006602764129638672,0,True,14,15,True,88,32,0.6481281518936157,32.73529052734375,-34264.91131216844,2025-11-19 22:15:35
ba_64_1_2.txt,barabasi_albert_10ins_m20,51,SpecAnn-NCV,0.8371304567239225,1.0,-14803.0,-13121.0,0.006615877151489258,0,True,14,15,True,89,32,0.646855890750885,32.6173210144043,-34074.41057546828,2025-11-19 22:15:35
ba_64_1_2.txt,barabasi_albert_10ins_m20,51,SpecAnn-NCV,0.8418202998994706,1.0,-14803.0,-13121.0,0.006615400314331055,0,True,14,15,True,90,32,0.6455841660499573,32.50053787231445,-33885.65971113418,2025-11-19 22:15:35
ba_64_1_2.txt,barabasi_albert_10ins_m20,51,SpecAnn-NCV,0.846484159964536,1.0,-14803.0,-12621.000000000002,0.006681680679321289,0,True,14,15,True,91,32,0.644312858581543,32.384910583496094,-33698.61311543045,2025-11-19 22:15:35
ba_64_1_2.txt,barabasi_albert_10ins_m20,51,SpecAnn-NCV,0.8511224640549078,1.0,-14803.0,-12621.000000000002,0.006643772125244141,0,True,14,15,True,92,32,0.6430417895317078,32.27042770385742,-33513.24223112195,2025-11-19 22:15:35
ba_64_1_2.txt,barabasi_albert_10ins_m20,51,SpecAnn-NCV,0.8557356277302758,1.0,-14803.0,-12621.000000000002,0.006627082824707031,0,True,14,15,True,93,32,0.641771137714386,32.15705871582031,-33329.51753452451,2025-11-19 22:15:35
ba_64_1_2.txt,barabasi_albert_10ins_m20,51,SpecAnn-NCV,0.8603240554087516,1.0,-14803.0,-12621.000000000002,0.006615161895751953,0,True,14,15,True,94,32,0.6405007243156433,32.04478454589844,-33147.40295518149,2025-11-19 22:15:35
ba_64_1_2.txt,barabasi_albert_10ins_m20,51,SpecAnn-NCV,0.86488814078064,1.0,-14803.0,-12621.000000000002,0.006603717803955078,0,True,14,15,True,95,32,0.639230489730835,31.93359375,-32966.87673626002,2025-11-19 22:15:35
ba_64_1_2.txt,barabasi_albert_10ins_m20,51,SpecAnn-NCV,0.8694282672026621,1.0,-14803.0,-12621.000000000002,0.006615400314331055,0,True,14,15,True,96,32,0.6379603743553162,31.823457717895508,-32787.89957336755,2025-11-19 22:15:35
ba_64_1_2.txt,barabasi_albert_10ins_m20,51,SpecAnn-NCV,0.8739448080737451,1.0,-14803.0,-12621.000000000002,0.0066187381744384766,0,True,14,15,True,97,32,0.6366903781890869,31.71436309814453,-32610.45118349862,2025-11-19 22:15:35
ba_64_1_2.txt,barabasi_albert_10ins_m20,51,SpecAnn-NCV,0.878438127193422,1.0,-14803.0,-12621.000000000002,0.006593942642211914,0,True,14,15,True,98,32,0.6354204416275024,31.606287002563477,-32434.498565279777,2025-11-19 22:15:35
ba_64_1_2.txt,barabasi_albert_10ins_m20,51,SpecAnn-NCV,0.8829085791038153,1.0,-14803.0,-12621.000000000002,0.006621360778808594,0,True,14,15,True,99,32,0.634150505065918,31.499217987060547,-32260.02066801657,2025-11-19 22:15:35
ba_64_1_2.txt,barabasi_albert_10ins_m20,51,SpecAnn-NCV,0.8873565094161138,1.0,-14803.0,-12621.000000000002,0.00660252571105957,0,True,14,15,True,100,32,0.632880449295044,31.393131256103516,-32086.979907837846,2025-11-19 22:15:35
ba_64_1_2.txt,barabasi_albert_10ins_m20,51,SpecAnn-NCV,0.8917822551223932,1.0,-14803.0,-12621.000000000002,0.006593942642211914,0,True,14,15,True,101,32,0.6316103339195251,31.288015365600586,-31915.361639885145,2025-11-19 22:15:35
ba_64_1_2.txt,barabasi_albert_10ins_m20,51,SpecAnn-NCV,0.8961861448935777,1.0,-14803.0,-12621.000000000002,0.006606578826904297,0,True,14,15,True,102,32,0.6303401589393616,31.183853149414062,-31745.142445127545,2025-11-19 22:15:35
ba_64_1_2.txt,barabasi_albert_10ins_m20,51,SpecAnn-NCV,0.9005684993642872,1.0,-14609.000000000002,-12995.0,0.006584882736206055,0,True,14,15,True,103,32,0.6290696859359741,31.08062744140625,-31576.287077362394,2025-11-19 22:15:35
ba_64_1_2.txt,barabasi_albert_10ins_m20,51,SpecAnn-NCV,0.9049296314052687,1.0,-14609.000000000002,-12995.0,0.006614208221435547,0,True,14,15,True,104,32,0.6277990937232971,30.978321075439453,-31408.78146241178,2025-11-19 22:15:35
ba_64_1_2.txt,barabasi_albert_10ins_m20,51,SpecAnn-NCV,0.9092698463840683,1.0,-14609.000000000002,-12995.0,0.006589412689208984,0,True,14,15,True,105,32,0.6265281438827515,30.876922607421875,-31242.59653121362,2025-11-19 22:15:35
ba_64_1_2.txt,barabasi_albert_10ins_m20,51,SpecAnn-NCV,0.9135894424145555,1.0,-14609.000000000002,-12995.0,0.006588935852050781,0,True,14,15,True,106,32,0.6252569556236267,30.776416778564453,-31077.71738585012,2025-11-19 22:15:35
ba_64_1_2.txt,barabasi_albert_10ins_m20,51,SpecAnn-NCV,0.9178887105958816,1.0,-14609.000000000002,-12995.0,0.006574869155883789,0,True,14,15,True,107,32,0.6239853501319885,30.676788330078125,-30914.11440891595,2025-11-19 22:15:35
ba_64_1_2.txt,barabasi_albert_10ins_m20,51,SpecAnn-NCV,0.9221679352414079,1.0,-14609.000000000002,-12995.0,0.006584644317626953,0,True,14,15,True,108,32,0.6227134466171265,30.578022003173828,-30751.772937814087,2025-11-19 22:15:35
ba_64_1_2.txt,barabasi_albert_10ins_m20,51,SpecAnn-NCV,0.9264273940981199,1.0,-14609.000000000002,-12995.0,0.006583213806152344,0,True,14,15,True,109,32,0.6214410066604614,30.480104446411133,-30590.66266632439,2025-11-19 22:15:35
ba_64_1_2.txt,barabasi_albert_10ins_m20,51,SpecAnn-NCV,0.9306673585570006,1.0,-14609.000000000002,-12995.0,0.006560564041137695,0,True,14,15,True,110,32,0.620168149471283,30.38302230834961,-30430.771093306925,2025-11-19 22:15:35
ba_64_1_2.txt,barabasi_albert_10ins_m20,51,SpecAnn-NCV,0.9348880938548185,1.0,-14609.000000000002,-12995.0,0.0066030025482177734,0,True,14,15,True,111,32,0.6188948750495911,30.286762237548828,-30272.079918023093,2025-11-19 22:15:35
ba_64_1_2.txt,barabasi_albert_10ins_m20,51,SpecAnn-NCV,0.9390898592677527,1.0,-14609.000000000002,-12995.0,0.006589174270629883,0,True,14,15,True,112,32,0.6176209449768066,30.191314697265625,-30114.563126169014,2025-11-19 22:15:35
ba_64_1_2.txt,barabasi_albert_10ins_m20,51,SpecAnn-NCV,0.9432729082972536,1.0,-14609.000000000002,-12995.0,0.0066111087799072266,0,True,14,15,True,113,32,0.6163464188575745,30.096660614013672,-29958.1999172659,2025-11-19 22:15:35
ba_64_1_2.txt,barabasi_albert_10ins_m20,51,SpecAnn-NCV,0.9474374888485205,1.0,-14609.000000000002,-12995.0,0.006590127944946289,0,True,14,15,True,114,32,0.6150714159011841,30.00279426574707,-29802.98575729034,2025-11-19 22:15:35
ba_64_1_2.txt,barabasi_albert_10ins_m20,51,SpecAnn-NCV,0.9515838434019475,1.0,-14609.000000000002,-12995.0,0.006606101989746094,0,True,14,15,True,115,32,0.6137956976890564,29.909698486328125,-29648.88746388741,2025-11-19 22:15:35
ba_64_1_2.txt,barabasi_albert_10ins_m20,51,SpecAnn-NCV,0.9557122091778746,1.0,-14609.000000000002,-12995.0,0.006571531295776367,0,True,14,15,True,116,32,0.6125193238258362,29.81736946105957,-29495.899693593652,2025-11-19 22:15:35
ba_64_1_2.txt,barabasi_albert_10ins_m20,51,SpecAnn-NCV,0.9598228182949627,1.0,-14609.000000000002,-12995.0,0.00666356086730957,0,True,14,15,True,117,32,0.6112422347068787,29.725788116455078,-29343.996308111164,2025-11-19 22:15:35
ba_64_1_2.txt,barabasi_albert_10ins_m20,51,SpecAnn-NCV,0.9639158979224881,1.0,-14609.000000000002,-12995.0,0.00659489631652832,0,True,14,15,True,118,32,0.6099643707275391,29.634944915771484,-29193.160751256546,2025-11-19 22:15:35
ba_64_1_2.txt,barabasi_albert_10ins_m20,51,SpecAnn-NCV,0.9679916704268421,1.0,-14609.000000000002,-12995.0,0.006619453430175781,0,True,14,15,True,119,32,0.6086857914924622,29.544832229614258,-29043.384138164536,2025-11-19 22:15:35
ba_64_1_2.txt,barabasi_albert_10ins_m20,51,SpecAnn-NCV,0.9720503535125017,1.0,-14609.000000000002,-13109.000000000002,0.0066089630126953125,0,True,14,15,True,120,32,0.6074063181877136,29.45543670654297,-28894.640652259983,2025-11-19 22:15:35
ba_64_1_2.txt,barabasi_albert_10ins_m20,51,SpecAnn-NCV,0.9760921603577252,1.0,-14609.000000000002,-13109.000000000002,0.006608486175537109,0,True,14,15,True,121,32,0.606126070022583,29.366748809814453,-28746.92255337462,2025-11-19 22:15:35
ba_64_1_2.txt,barabasi_albert_10ins_m20,51,SpecAnn-NCV,0.9801172997452103,1.0,-14609.000000000002,-13109.000000000002,0.006578922271728516,0,True,14,15,True,122,32,0.604844868183136,29.27875518798828,-28600.204287925804,2025-11-19 22:15:35
ba_64_1_2.txt,barabasi_albert_10ins_m20,51,SpecAnn-NCV,0.9841259761879442,1.0,-14609.000000000002,-13109.000000000002,0.006609678268432617,0,True,14,15,True,123,32,0.6035628914833069,29.191452026367188,-28454.486664483124,2025-11-19 22:15:35
ba_64_1_2.txt,barabasi_albert_10ins_m20,51,SpecAnn-NCV,0.9881183900504562,1.0,-14609.000000000002,-13109.000000000002,0.006618499755859375,0,True,14,15,True,124,32,0.6022799611091614,29.10482406616211,-28309.742475251216,2025-11-19 22:15:35
ba_64_1_2.txt,barabasi_albert_10ins_m20,51,SpecAnn-NCV,0.9920947376656813,1.0,-14609.000000000002,-13109.000000000002,0.006590127944946289,0,True,14,15,True,125,32,0.6009960174560547,29.01886558532715,-28165.9595763168,2025-11-19 22:15:35
ba_64_1_2.txt,barabasi_albert_10ins_m20,51,SpecAnn-NCV,0.9960552114476228,1.0,-14609.000000000002,-13109.000000000002,0.006625652313232422,0,True,14,15,True,126,32,0.5997112393379211,28.93356704711914,-28023.13334395587,2025-11-19 22:15:35
ba_64_1_2.txt,barabasi_albert_10ins_m20,51,SpecAnn-NCV,1.0,1.0,-14609.000000000002,-13109.000000000002,0.006596803665161133,0,True,14,15,True,127,32,0.5984253287315369,28.848915100097656,-27881.233226253484,2025-11-19 22:15:35
